EAN Manufacturier;IPC Manufacturier;Code Distributeur;Stock;Prix de vente;Marque;Categorie;Saison;Libelle complet;Prefixe;Largeur;Separateur;HB;Structure;Diametre;Suffixe;Indice de charge;Indice de vitesse;Indice2;Chambre;Flanc 1;Flanc 2;Flanc 3;Sculpture;Sculpture complementaire;Run Flat;Position;Utilisation;Choix;OE homologation;DELAI;D O T;Fuel;Wetgrip;Decibels;Noise
3286347672514;76725;344;27;73,6;FIRESTONE;PNEUS TOURISME ETE;Ete;185/70 R 13   86T   FIRESTONE   F590;;185;;70;R;13;;86;T;;;;;;F590;;;;;;;3;;G;E;71;3
3286342947716;29477;393;12;99,68;FIRESTONE;PNEUS TOURISME ETE;Ete;175/60 R 13   77H   FIRESTONE   FH700;;175;;60;R;13;;77;H;;;;;;FH700;;;;;;;3;;F;C;71;3
8019227142419;1424100;5628;20;71,93;PIRELLI;PNEUS TOURISME ETE;Ete;205/40 ZR 17   84W   PIRELLI   P ZERO NERO FSL XL ;;205;;40;ZR;17;;84;W;;TL;XL;;;P ZERO NERO;;;;;;FSL;3;;F;B;72;2
8019227136821;1368200;5655;6;124,54;PIRELLI;PNEUS TOURISME ETE;Ete;235/50 ZR 17   96Y   PIRELLI   P 6000 POWERGY FSL;;235;;50;ZR;17;;96;Y;;TL;;;;P 6000 P;;;;;;FSL;2;;F;C;71;2
8019227133066;1330600;5656;3;160,01;PIRELLI;PNEUS TOURISME ETE;Ete;235/50 ZR 18   97W   PIRELLI   P6000 POWERGY FSL;;235;;50;ZR;18;;97;W;;TL;;;;P6000 POWERGY;;;;;;FSL;3;;F;C;71;2
3286347711114;77111;5711;4;60,12;BRIDGESTONE;PNEUS TOURISME ETE;Ete;175/80 R 14   88T   BRIDGESTONE   B330 EVO;;175;;80;R;14;;88;T;;;;;;B330 EVO;;;;;;;3;;F;E;71;3
3286347853913;78539;919;20;93,02;BRIDGESTONE;PNEUS 4X4 ETE;Ete;225/75 R 15   110/108S   BRIDGESTONE   DUELER D693;;225;;75;R;15;;110/108;S;;TL;;;;DUELER D693;;;;;;;5;;E;C;74;3
3286347586811;75868;5750;10;96,33;BRIDGESTONE;PNEUS TOURISME ETE;Ete;205/50 ZR 17   89Y   BRIDGESTONE   POTENZA S-02A N4;;205;;50;ZR;17;;89;Y;;TL;;;;POTENZA S-02A;;;;;;N4 WAR;4;;F;C;71;2
3286347703010;77030;5751;3;121,27;BRIDGESTONE;PNEUS TOURISME ETE;Ete;235/50 R 18   101Y   BRIDGESTONE   POTENZA E040 XL;;235;;50;R;18;;101;Y;;TL;XL;;;POTENZA E040;;;;;;;3;;E;C;71;2
3286344880011;48800;937;12;122,55;BRIDGESTONE;PNEUS 4X4 ETE;Ete;255/70 R 15   108S   BRIDGESTONE   DUELER H/T 689;;255;;70;R;15;;108;S;;;;;;DUELER H/T 689;;;;;;;3;;E;F;72;2
8019227111859;1118500;3064;4;154,14;PIRELLI;PNEUS TOURISME ETE;Ete;245/35 R 18   88Y   PIRELLI   P ZERO ROSSO   ;;245;;35;R;18;;88;Y;;;;;;P ZERO ROSSO;;;;;;;3;;E;B;71;2
3286347703317;77033;5752;14;131,59;BRIDGESTONE;PNEUS TOURISME ETE;Ete;245/50 R 18   100W   BRIDGESTONE   TURANZA ER30 *;;245;;50;R;18;;100;W;;TL;;;;TURANZA ER30;;;;;;* WAR;2;;E;E;71;2
3286347570216;75702;988;50;78,7;BRIDGESTONE;PNEUS 4X4 ETE;Ete;245/70 R 16   107H   BRIDGESTONE   D680;;245;;70;R;16;;107;H;;TL;;;;D680;;;;;;;3;;F;E;73;3
3286347570810;75708;1002;19;160,91;BRIDGESTONE;PNEUS 4X4 ETE;Ete;275/70 R 16   114H   BRIDGESTONE   D680;;275;;70;R;16;;114;H;;TL;;;;D680;;;;;;;3;;E;E;72;2
3286347695018;76950;5762;32;134,26;BRIDGESTONE;PNEUS TOURISME ETE;Ete;255/45 R 18   103Y   BRIDGESTONE   POTENZA RE040 XL;;255;;45;R;18;;103;Y;;TL;XL;;;POTENZA RE040;;;;;;;2;;E;C;71;2
3286347703911;77039;5765;20;110,28;BRIDGESTONE;PNEUS TOURISME ETE;Ete;255/40 ZR 17   Z   BRIDGESTONE   POTENZA S-02A N4;;255;;40;ZR;17;;94;Y;;TL;;;;POTENZA S-02A;;;;;;N4 WAR;3;;F;C;72;2
3286347581717;75817;5768;20;79,99;BRIDGESTONE;PNEUS TOURISME ETE;Ete;225/40 ZR 18   88Y   BRIDGESTONE   POTENZA S-02A N3;;225;;40;ZR;18;;88;Y;;TL;;;;POTENZA S-02A;;;;;;N3 WAR;5;;G;C;70;2
3286340214117;2141;5772;50;114,27;BRIDGESTONE;PNEUS TOURISME ETE;Ete;255/35 ZR 19   96Y   BRIDGESTONE   RE050 ASYMMETRIC M01 XL;;255;;35;ZR;19;;96;Y;;TL;XL;;;RE050 ASYMMETRIC;;;;;;M01 WAR;2;;E;B;71;2
3286347709319;77093;5774;50;135,09;BRIDGESTONE;PNEUS TOURISME ETE;Ete;285/30 ZR 18   93Y   BRIDGESTONE   POTENZA S-02A N3;;285;;30;ZR;18;;93;Y;;TL;;;;POTENZA S-02A;;;;;;N3 WAR;2;;G;C;73;2
8019227014365;0143600;Z818438;2;87,07;METZELER;MOTO TRAIL;Ete;120/90 - 17   M/C 64S   METZELER   ENDURO 3 SAHARA;;120;;90;-;17;;64;S;;;;;;ENDURO 3 SAHARA;;;;;;;2;;-;-;-;-
8019227104448;1044400;1172;20;208,9;PIRELLI;PNEUS TOURISME ETE;Ete;235/60 R 15   98W   PIRELLI   P 600  (J);;235;;60;R;15;;98;W;;;;;;P 600;;;;;;J;5;;F;C;71;2
8019227107401;1074000;1234;4;127,3;PIRELLI;PNEUS TOURISME ETE;Ete;225/50 ZR 16      PIRELLI   P ZERO ASIMMETRICO (N3)   ;;225;;50;ZR;16;;92;Z;;TL;;;;P ZERO ASIMMETRICO;;;;;;N3;3;;F;B;73;3
8019227088892;0888900;1242;10;160,98;PIRELLI;PNEUS TOURISME ETE;Ete;215/50 ZR 17   91Y   PIRELLI   P ZERO ASIMMETRICO   ;;215;;50;ZR;17;;91;Y;;TL;;;;P ZERO ASIMMETRICO;;;;;;;2;;F;B;71;2
8019227104431;1044300;1245;20;118,4;PIRELLI;PNEUS TOURISME ETE;Ete;235/50 ZR 17   96W   PIRELLI   P ZERO ASIMMETRICO FSL;;235;;50;ZR;17;;96;W;;TL;;;;P ZERO ASIMMETRICO;;;;;;FSL;3;;F;B;71;2
8019227086218;0862100;1246;17;205,52;PIRELLI;PNEUS TOURISME ETE;Ete;245/50 ZR 17   99Y   PIRELLI   P ZERO ASIMMETRICO FSL;;245;;50;ZR;17;;99;Y;;TL;;;;P ZERO ASIMMETRICO;;;;;;FSL;2;;F;B;71;2
8019227014396;0143900;Z818441;3;86,63;METZELER;MOTO TRAIL;Ete;130/80 - 17   M/C 65S   METZELER   ENDURO 3 SAHARA;;130;;80;-;17;;65;S;;;;;;ENDURO 3 SAHARA;;;;;;;2;;-;-;-;-
8019227089912;0899100;1277;19;136,29;PIRELLI;PNEUS TOURISME ETE;Ete;245/45 ZR 18   96Y   PIRELLI   P ZERO DIREZIONALE FSL;;245;;45;ZR;18;;96;Y;;TL;;;;P ZERO DIREZIONALE;;;;;;FSL;3;;E;A;71;2
8019227096002;0960000;1281;2;337,8;PIRELLI;PNEUS TOURISME ETE;Ete;285/45 ZR 18   103Y   PIRELLI   P ZERO ASIMMETRICO FSL;;285;;45;ZR;18;;103;Y;;TL;;;;P ZERO ASIMMETRICO;;;;;;FSL;2;;F;B;74;2
8019227092615;0926100;1298;3;149,6;PIRELLI;PNEUS TOURISME ETE;Ete;255/40 ZR 18   95Y   PIRELLI   P ZERO ASIMMETRICO FSL;;255;;40;ZR;18;;95;Y;;TL;;;;P ZERO ASIMMETRICO;;;;;;FSL;3;;F;B;72;2
8808563382333;1018045;Z1095115;2;42,65;HANKOOK;PNEUS TOURISME ETE;Ete;145/60 R 13   66T   HANKOOK   K715 OPTIMO HOPTIMO;;145;;60;R;13;;66;T;;TL;;;;K715 OPTIMO HOPTIMO;;;;;;;2;;F;E;69;2
4981910838210;1584900;L502547;14;67,55;TOYO;PNEUS 4X4 ETE;Ete;215/70 R 15   98H   TOYO TRANPATH A14 (NISSAN);;215;;70;R;15;;98;H;;TL;;;;TRANPATH A14;;;;;;;5;;C;E;68;1
8019227091694;0916900;1470;20;133,69;PIRELLI;PNEUS 4X4 ETE;Ete;285/55 R 18   113V   PIRELLI   SCORPION ZERO FSL;;285;;55;R;18;;113;V;;TL;;;;SCORPION ZERO ;;;;;;;2;;E;C;72;1
8019227211658;2116500;1476;20;346,75;PIRELLI;PNEUS 4X4 ETE;Ete;295/45 ZR 20   110Y   PIRELLI   P ZERO R-F;;295;;45;ZR;20;;110;Y;;TL;;;;P ZERO;;RF;;;;;5;;F;B;74;2
3286347710117;77101;5782;22;91,81;BRIDGESTONE;PNEUS CAMIONNETTE ETE;Ete;175/75 R 16   101/99R   BRIDGESTONE   R630;;175;;75;R;16;;101/99;R;;;;;;R630;;;;;;;3;;F;C;72;2
3286347949210;79492;5784;17;88,83;BRIDGESTONE;PNEUS CAMIONNETTE ETE;Ete;195/75 R 16   107/105R   BRIDGESTONE   R630 DAIL;;195;;75;R;16;;107/105;R;;TL;;;;R630 DAIL;;;;;;;3;;E;C;72;2
3286347903014;79030;5793;11;91,97;BRIDGESTONE;PNEUS CAMIONNETTE ETE;Ete;205/70 R 15   106/104R   BRIDGESTONE   R630 CR;;205;;70;R;15;;106/104;R;;;;;;R630 CR;;;;;;;3;;E;E;72;2
3286347911118;79111;5794;20;83,67;BRIDGESTONE;PNEUS CAMIONNETTE ETE;Ete;215/70 R 15   109S107S   BRIDGESTONE   R630;;215;;70;R;15;;109S107;S;;;;;;R630;;;;;;;5;;E;B;72;2
3286347911019;79110;5795;13;82,89;BRIDGESTONE;PNEUS CAMIONNETTE ETE;Ete;225/70 R 15   112/110S   BRIDGESTONE   R630;;225;;70;R;15;;112/110;S;;;;;;R630;;;;;;;2;;E;C;72;2
3286347722110;77221;5797;50;89,61;BRIDGESTONE;PNEUS CAMIONNETTE ETE;Ete;215/65 R 15   104/102T   BRIDGESTONE   DURAVIS R410Z;;215;;65;R;15;;104/102;T;;TL;;;;DURAVIS R410;;;;;;;3;;E;C;74;3
8019227131512;1315100;3119;8;165,8;PIRELLI;PNEUS TOURISME ETE;Ete;255/45 ZR 19   104Y   PIRELLI   P ZERO ASIMMETRICO FSL XL ;;255;;45;ZR;19;;104;Y;;TL;XL;;;P ZERO ASIMMETRICO;;;;;;FSL;2;;F;B;73;2
8019227014273;0142700;Z818444;1;94,19;METZELER;MOTO TRAIL;Ete;130/80 - 17   65T   METZELER   ENDURO 3 SAHARA;;130;;80;-;17;;65;T;;;;;;ENDURO 3 SAHARA;;;;;;;2;;-;-;-;-
8019227237610;2376100;Z901454;50;162,11;PIRELLI;PNEUS 4X4 HIVER;Hiver;225/55 R 19   99H   PIRELLI   SCORPION WINTER    ;;225;;55;R;19;;99;H;;TL;;;;SCORPION WINTER ;;;;;;;2;;C;C;72;2
8019227014372;0143700;Z818445;3;100,13;METZELER;MOTO TRAIL;Ete;140/80 - 17   M/C 69H   METZELER   ENDURO 3 SAHARA;;140;;80;-;17;;69;H;;;;;;ENDURO 3 SAHARA;;;;;;;3;;-;-;-;-
8019227121964;1219600;3148;50;135,47;PIRELLI;PNEUS 4X4 HIVER;Hiver;275/55 R 17   109H   PIRELLI   SCORPION ICE & SNOW;;275;;55;R;17;;109;H;;TL;;;;SCORPION ICE & SNOW;;;;;;;2;;E;C;72;2
4717622039887;JC288;S917153;23;93,89;NANKANG;PNEUS 4X4 ETE;Ete;255/50 R 20   109Y   NANKANG   SP-7 XL;;255;;50;R;20;;109;Y;;TL;XL;;;SP-7;;;;;;;2;;E;B;73;2
3286347120916;71209;2583;20;91,68;BRIDGESTONE;PNEUS TOURISME ETE;Ete;225/50 ZR 16   92W   BRIDGESTONE   S02 N3;;225;;50;ZR;16;;92;W;;TL;;;;S02;;;;;;N3 WAR;5;;G;C;71;2
3286347702815;77028;5823;20;81,55;BRIDGESTONE;PNEUS 4X4 ETE;Ete;205/65 R 16   95T   BRIDGESTONE   DUELER H/T 684PZ CR-V;;205;;65;R;16;;95;T;;;;;;DUELER H/T 684PZ CR-V;;;;;;;3;;E;E;70;2
8019227127478;1274700;2171;3;49,91;PIRELLI;PNEUS TOURISME HIVER;Hiver;155/80 R 13   79Q   PIRELLI   W160 SNOWCONTROL;;155;;80;R;13;;79;Q;;TL;;;;W160 SNOWCONTROL ;;;;;;;2;;F;C;70;2
8019227152821;1528200;2304;20;111,2;PIRELLI;PNEUS TOURISME HIVER;Hiver;225/40 R 18   92V   PIRELLI   W240 SNOWSPORT (N3) XL ;;225;;40;R;18;;92;V;;TL;XL;;;W240 SNOWSPORT;;;;;;N3;3;;E;C;72;2
3286347583612;75836;5825;11;113,89;BRIDGESTONE;PNEUS 4X4 ETE;Ete;215/65 R 16   98S   BRIDGESTONE   D688 PININ;;215;;65;R;16;;98;S;;TL;;;;D688;;;;;;PININ;3;;E;E;73;3
4981910763673;2281855;109546;50;49;TOYO;PNEUS TOURISME ETE;Ete;195/55 R 15   85V   TOYO   PROXES T1R  FP;;195;;55;R;15;;85;V;;TL;;;;PROXES T1R;;;;;;FP;2;;F;C;70;2
3286347591419;75914;2596;21;105,49;BRIDGESTONE;PNEUS 4X4 ETE;Ete;255/50 R 19   103V   BRIDGESTONE   ER30 BMW X5;;255;;50;R;19;;103;V;;;;;;ER30 BMW X5;;;;;;;2;;E;C;72;2
3286347577413;75774;2611;24;85,82;BRIDGESTONE;PNEUS TOURISME ETE;Ete;215/45 R 17   87V   BRIDGESTONE   POTENZA RE040;;215;;45;R;17;;87;V;;TL;;;;POTENZA RE040;;;;;;WAR;2;;F;C;70;2
3286344928416;49284;2626;4;81,8;BRIDGESTONE;PNEUS TOURISME ETE;Ete;235/45 ZR 17      BRIDGESTONE   RE71G N0 RFT;;235;;45;ZR;17;;;;;TL;;;;RE71G;;RFT;;;;N0 WAR;3;;-;-;-;-
3286347591518;75915;2650;22;157,69;BRIDGESTONE;PNEUS 4X4 ETE;Ete;285/45 R 19   107V   BRIDGESTONE   ER30TZ BMW X5;;285;;45;R;19;;107;V;;;;;;ER30TZ BMW X5;;;;;;;3;;E;C;73;2
3286347016318;70163;2666;20;127,74;BRIDGESTONE;PNEUS TOURISME ETE;Ete;255/40 ZR 17      BRIDGESTONE   RE71G N0;;255;;40;ZR;17;;;;;TL;;;;RE71G;;RFT;;;;N0 WAR;5;;-;-;-;-
8019227163568;1635600;Z818449;4;85,81;METZELER;MOTO TRAIL;Ete;140/80 - 18   M/C 70S   METZELER   ENDURO 3 SAHARA;;140;;80;-;18;;70;S;;;;;;ENDURO 3 SAHARA;;;;;;;2;;-;-;-;-
8019227088960;0889600;3242;20;110,81;PIRELLI;PNEUS TOURISME ETE;Ete;225/45 R 17   91Y   PIRELLI   P ZERO ASIMMETRICO   ;;225;;45;R;17;;91;Y;;;;;;P ZERO ASIMMETRICO;;;;;;;3;;F;B;71;2
8019227013924;0139200;Z818450;2;80,75;METZELER;MOTO TRAIL;Ete;4.00 - 18   64R   METZELER   ENDURO 2;;4.00;;;-;18;;64;R;;;;;;ENDURO 2;;;;;;;2;;-;-;-;-
3286347838019;78380;99079;15;85,79;BRIDGESTONE;PNEUS 4X4 ETE;Ete;215/65 R 16   98H   BRIDGESTONE   DUELER H/T 689 XTRAIL;;215;;65;R;16;;98;H;;TL;;;;DUELER H/T 689;;;;;;XTRAIL;3;;E;E;69;2
3286340232319;2323;99080;20;98,15;BRIDGESTONE;PNEUS 4X4 ETE;Ete;215/65 R 16   98T   BRIDGESTONE   DUELER A/T 694;;215;;65;R;16;;98;T;;;;;;DUELER A/T 694;;;;;;;5;;F;F;74;3
3286347754814;77548;99084;20;118,11;BRIDGESTONE;PNEUS 4X4 ETE;Ete;265/65 R 17   112S   BRIDGESTONE   DUELER H/T 840BZ TOYOTA;;265;;65;R;17;;112;S;;;;;;DUELER H/T 840BZ TOYOTA;;;;;;;5;;C;F;71;2
3286347151712;71517;99088;20;118,54;BRIDGESTONE;PNEUS 4X4 ETE;Ete;275/65 R 17   114H   BRIDGESTONE   DUELER D840;;275;;65;R;17;;114;H;;TL;;;;DUELER D840;;;;;;;5;;E;E;73;3
3286347690419;76904;3555;6;48,64;FIRESTONE;PNEUS TOURISME ETE;Ete;195/60 R 14   86H   FIRESTONE   FIREHAWK TZ200;;195;;60;R;14;;86;H;;TL;;;;TZ200;;;;;;;2;;F;C;71;2
4981910830276;14070133;109388;50;47,2;TOYO;PNEUS TOURISME ETE;Ete;135 R 15   72S   TOYO   310  ;;135;;;R;15;;72;S;;TL;;;;310;;;;;;;4;;;;0;0
4032344594903;04502250000;Z912401;24;60,86;GENERAL TIRE;PNEUS 4X4 ETE;Ete;205/80 R 16   104T   GENERAL TIRE   GRABBER  GT FR XL;;205;;80;R;16;;104;T;;TL;XL;;;GRABBER GT;;;;;;FR;4;;E;C;72;2
8019227132830;1328300;5162;19;212,41;PIRELLI;PNEUS TOURISME ETE;Ete;205/45 R 16   83W   PIRELLI   P ZERO NERO   ;;205;;45;R;16;;83;W;;;;;;P ZERO NERO;;;;;;;3;;F;B;71;2
8019227014303;0143000;Z818451;10;78,59;METZELER;MOTO TRAIL;Ete;4.00 - 18   64S   METZELER   ENDURO 3 SAHARA;;4.00;;;-;18;;64;S;;;;;;ENDURO 3 SAHARA;;;;;;;3;;-;-;-;-
8019227013948;0139400;Z818458;34;61,92;METZELER;MOTO TRAIL;Ete;3.00 - 21   51R   METZELER   ENDURO 1;;3.00;;;-;21;;51;R;;;;;;ENDURO 1;;;;;;;3;;-;-;-;-
8019227096699;0966900;Z818464;3;56,77;METZELER;MOTO CROSS;Ete;100/100 - 18   NHS (59)  METZELER   MC 4 ;;100;;100;-;18;;NHS 59;;;;;;;MC 4;;;;;;;2;;-;-;-;-
8019227092998;0929900;Z818465;1;56,76;METZELER;MOTO CROSS;Ete;100/100 - 18   NHS (59)  METZELER   MC 5 ;;100;;100;-;18;;NHS 59;;;;;;;MC 5;;;;;;;2;;-;-;-;-
8019227096705;0967000;Z818466;5;56;METZELER;MOTO CROSS;Ete;110/100 - 18   NHS (64)  METZELER   MC 4 ;;100;;;-;18;;NHS 64;;;;;;;MC 4;;;;;;;2;;-;-;-;-
8019227093001;0930000;Z818467;3;36,05;METZELER;MOTO CROSS;Ete;110/100 - 18   NHS (64)  METZELER   MC 5 ;;110;;100;-;18;;NHS 64;;;;;;;MC 5;;;;;;;2;;-;-;-;-
8019227093018;0930100;Z818468;6;50,92;METZELER;MOTO CROSS;Ete;110/100 - 18   NHS (64)  METZELER   MC 6 ;;110;;100;-;18;;NHS 64;;;;;;;MC 6;;;;;;;2;;-;-;-;-
8019227093025;0930200;Z818469;1;57,57;METZELER;MOTO CROSS;Ete;120/100 - 18   NHS (68)  METZELER   MC 5 ;;120;;100;-;18;;NHS 68;;;;;;;MC 5;;;;;;;3;;-;-;-;-
8019227162387;1623800;Z818470;13;63,37;METZELER;MOTO CROSS;Ete;120/90 - 18   M/C 65M   METZELER   MCE 6 DAYS EXTREME;;120;;90;-;18;;65;M;;;;;;MCE 6 DAYS EXTREME;;;;;;;2;;-;-;-;-
8019227167917;1679100;Z818471;2;55,92;METZELER;MOTO CROSS;Ete;120/90 - 18   M/C 65M   METZELER   UNICROSS;;120;;90;-;18;;65;M;;;;;;UNICROSS;;;;;;;2;;-;-;-;-
8019227162394;1623900;Z818472;14;68,19;METZELER;MOTO CROSS;Ete;140/80  18   70M   METZELER   SIX DAYS EXTR.;;140;;80;;18;;70;M;;;;;;SIX DAYS EXTR.;;;;;;;3;;;;0;0
8019227096712;0967100;Z818473;20;55,5;METZELER;MOTO CROSS;Ete;100/90 - 19   NHS (57)  METZELER   MC 4 ;;100;;90;-;19;;NHS 57;;;;;;;MC 4;;;;;;;2;;-;-;-;-
8019227093032;0930300;Z818474;19;55,15;METZELER;MOTO CROSS;Ete;100/90 - 19   NHS (57)  METZELER   MC 5;;100;;90;-;19;;NHS 57;;;;;;;MC 5;;;;;;;2;;-;-;-;-
8019227096729;0967200;Z818475;3;57,45;METZELER;MOTO CROSS;Ete;110/90 - 19   NHS (62)  METZELER   MC 4 ;;90;;;-;19;;NHS 62;;;;;;;MC 4;;;;;;;2;;-;-;-;-
8019227093056;0930500;Z818476;1;55,98;METZELER;MOTO CROSS;Ete;110/90 - 19   NHS (62)  METZELER   MC 5 ;;110;;90;-;19;;NHS 62;;;;;;;MC 5;;;;;;;2;;-;-;-;-
8019227093063;0930600;Z818477;6;46,02;METZELER;MOTO CROSS;Ete;110/90 - 19   NHS (62)  METZELER   MC 6 ;;110;;90;-;19;;NHS 62;;;;;;;MC 6;;;;;;;2;;-;-;-;-
8019227096736;0967300;Z818478;3;50,35;METZELER;MOTO CROSS;Ete;80/100 - 21   51R   METZELER   MC 4 ;;80;;100;-;21;;51;R;;;;;;MC 4;;;;;;;2;;-;-;-;-
8019227093070;0930700;Z818479;11;50,62;METZELER;MOTO CROSS;Ete;80/100 - 21   M/C 51R   METZELER   MC 5 ;;80;;100;-;21;;51;R;;;;;;MC 5;;;;;;;2;;-;-;-;-
8019227093087;0930800;Z818480;3;50,48;METZELER;MOTO CROSS;Ete;80/100 - 21   M/C 51R   METZELER   MC 6 ;;80;;100;-;21;;51;R;;;;;;MC 6;;;;;;;2;;-;-;-;-
8019227174489;1744800;Z818482;12;56,98;METZELER;MOTO CROSS;Ete;90/90 - 21   M/C 54M   METZELER   MCE 6 DAYS EXTREME HARD;;90;;90;-;21;;54;M;;;;;;MCE 6 DAYS EXTREME;;;;;;HARD;2;;-;-;-;-
8019227167900;1679000;Z818483;4;57,31;METZELER;MOTO CROSS;Ete;90/90 - 21   M/C 54M   METZELER   UNICROSS;;90;;90;-;21;;54;M;;;;;;UNICROSS;;;;;;;3;;-;-;-;-
8019227163117;1631100;Z818487;1;86,79;METZELER;MOTO ENDURO;Ete;150/70 - 17   69Q   METZELER   MCE KAROO T;;150;;70;-;17;;69;Q;;TL;;;;MCE KAROO T;;;;;;;2;;-;-;-;-
8019227120585;1205800;Z818494;3;71,97;METZELER;MOTO ENDURO;Ete;110/80 R 19   59R   METZELER   MCE KAROO;;110;;80;R;19;;59;R;;;;;;MCE KAROO;;;;;;;3;;;;0;0
8019227170689;1706800;Z818495;6;59,72;METZELER;MOTO ENDURO;Ete;90/100 - 21   M/C 57M   METZELER   MCE 6 DAYS EXTREME MST;;90;;100;-;21;;57;M;;;;;;MCE 6 DAYS EXTREME;;;;;;MST;2;;-;-;-;-
8019227162585;1625800;Z818496;4;84,68;METZELER;MOTO ENDURO;Ete;90/90 - 21   M/C 54H   METZELER   ENDURO 3 SAHARA;;90;;90;-;21;;54;H;;TL;;;;ENDURO 3 SAHARA;;;;;;;2;;-;-;-;-
8019227161434;1614300;Z818497;9;65,35;METZELER;MOTO ENDURO;Ete;90/90  21   54Q   METZELER   MCE KAROO2 T;;90;;90;;21;;54;Q;;;;;;MCE KAROO2 T;;;;;;;3;;;;0;0
8019227180671;1806700;Z818499;3;84,28;METZELER;MOTO ROUTE;Ete;130/90 - 15   M/C 66S   METZELER   LASERTEC ;;130;;90;-;15;;66;S;;TL;;;;LASERTEC ;;;;;;;2;;-;-;-;-
8019227104226;1042200;Z818502;4;108,92;METZELER;MOTO ROUTE;Ete;140/80 B 15   M/C 67H   METZELER   ME 880 MARATHON MBS;;140;;80;B;15;;67;H;;TL;;;;ME 880 MARATHON;;;;;;MBS;2;;-;-;-;-
8019227074734;0747300;Z818504;7;68,23;METZELER;MOTO ROUTE;Ete;140/90 - 15   M/C 70S   METZELER   ME 77 PERFECT ;;140;;90;-;15;;70;S;;;;;;ME 77 PERFECT;;;;;;;2;;-;-;-;-
8019227112504;1125000;Z818505;1;117,44;METZELER;MOTO ROUTE;Ete;150/80 B 15   M/C 70V   METZELER   ME 880 MARATHON MBS;;150;;80;B;15;;70;V;;TL;;;;ME 880 MARATHON;;;;;;MBS;2;;-;-;-;-
8019227104189;1041800;Z818506;31;116,55;METZELER;MOTO ROUTE;Ete;150/90  15   80H   METZELER   ME 880 MARATHON ;;150;;90;;15;;80;H;;;;;;ME 880 MARATHON ;;;;;;;3;;;;0;0
8019227104196;1041900;Z818508;5;120,92;METZELER;MOTO ROUTE;Ete;170/80 B 15   M/C 77H   METZELER   ME 880 MARATHON ;;170;;80;B;15;;77;H;;TL;;;;ME 880 MARATHON ;;;;;;;2;;-;-;-;-
8019227104219;1042100;Z818511;1;114,43;METZELER;MOTO ROUTE;Ete;180/70 B 15   M/C 76H   METZELER   ME 880 MARATHON Reinf;;180;;70;B;15;;76;H;;TL;Reinf;;;ME 880 MARATHON ;;;;;;;2;;-;-;-;-
8019227140187;1401800;Z818512;50;107,84;METZELER;MOTO ROUTE;Ete;200/70 B 15   M/C 82H   METZELER   ME 880 MARATHON MBS;;200;;70;B;15;;82;H;;TL;;;;ME 880 MARATHON;;;;;;MBS;2;;-;-;-;-
8019227152975;1529700;Z818513;5;49,97;METZELER;MOTO ROUTE;Ete;100/90 - 16   M/C 54H   METZELER   LASERTEC;;100;;90;-;16;;54;H;;TL;;;;LASERTEC;;;;;;;2;;-;-;-;-
8019227101652;1016500;Z818514;14;51,56;METZELER;MOTO ROUTE;Ete;110/90 - 16   M/C 59S   METZELER   ME 77 PERFECT;;110;;90;-;16;;59;S;;;;;;ME 77 PERFECT;;;;;;;3;;-;-;-;-
8019227107777;1077700;Z818515;8;60,95;METZELER;MOTO ROUTE;Ete;110/90 - 16   M/C 59S   METZELER   ME 77 PERFECT ;;110;;90;-;16;;59;S;;TL;;;;ME 77 PERFECT;;;;;;;3;;-;-;-;-
8019227153026;1530200;Z818516;1;79,55;METZELER;MOTO ROUTE;Ete;110/90 - 16   M/C 59V   METZELER   LASERTEC;;110;;90;-;16;;59;V;;TL;;;;LASERTEC;;;;;;;2;;-;-;-;-
8019227153118;1531100;Z818519;43;80,46;METZELER;MOTO ROUTE;Ete;120/80 VB 16   M/C 60V   METZELER   LASERTEC;;120;;80;VB;16;;60;V;;TL;;;;LASERTEC;;;;;;;3;;-;-;-;-
8019227013313;0133100;Z818520;24;62,74;METZELER;MOTO ROUTE;Ete;120/90 - 16   M/C 63H   METZELER   ME 77 PERFECT;;120;;90;-;16;;63;H;;TL;;;;ME 77 PERFECT;;;;;;;3;;-;-;-;-
8019227159066;1590600;Z818521;17;70,95;METZELER;MOTO ROUTE;Ete;130/70 ZR 16   61W   METZELER   SPORTEC M3;;130;;70;ZR;16;;61;W;;;;;;SPORTEC M3;;;;;;;3;;-;-;-;-
8019227133875;1338700;Z818527;2;111,23;METZELER;MOTO ROUTE;Ete;130/90 - 16   M/C 67H   METZELER   ME 880 MARATHON WW;;130;;90;-;16;;67;H;;TL;;;;ME 880 MARATHON;;;;;;WW;2;;-;-;-;--
8019227153248;1532400;Z818528;11;91,77;METZELER;MOTO ROUTE;Ete;130/90 - 16   M/C 67V   METZELER   LASERTEC ;;130;;90;-;16;;67;V;;TL;;;;LASERTEC ;;;;;;;3;;-;-;-;-
8019227104127;1041200;Z818534;1;116,99;METZELER;MOTO ROUTE;Ete;150/80 - 16   M/C 71H   METZELER   ME 880 MARATHON;;150;;80;-;16;;71;H;;TL;;;;ME 880 MARATHON;;;;;;;2;;-;-;-;-
8019227141528;1415200;Z818535;1;136,05;METZELER;MOTO ROUTE;Ete;150/80 - 16   M/C 71H   METZELER   ME 880 MARATHON WW;;150;;80;-;16;;71;H;;TL;;;;ME 880 MARATHON;;;;;;WW;2;;-;-;-;-
8019227153347;1533400;Z818536;41;95,15;METZELER;MOTO ROUTE;Ete;150/80 VB 16   M/C 71V   METZELER   LASERTEC ;;150;;80;VB;16;;71;V;;TL;;;;LASERTEC ;;;;;;;3;;-;-;-;-
8019227170535;1705300;Z818537;4;123,64;METZELER;MOTO ROUTE;Ete;150/80 R 16   M/C 71V   METZELER   ME 880 MARATHON;;150;;80;R;16;;71;V;;TL;;;;ME 880 MARATHON;;;;;;;2;;-;-;-;-
8019227142235;1422300;Z818538;1;132,64;METZELER;MOTO ROUTE;Ete;160/80 B 16   M/C 75H   METZELER   ME 880 MARATHON ;;160;;80;B;16;;75;H;;TL;;;;ME 880 MARATHON ;;;;;;;3;;-;-;-;-
8019227104264;1042600;Z818540;5;110,9;METZELER;MOTO ROUTE;Ete;180/70 R 16   M/C 77H   METZELER   ME 880 MARATHON;;180;;70;R;16;;77;H;;TL;;;;ME 880 MARATHON;;;;;;;2;;-;-;-;-
8019227120523;1205200;Z818542;20;178,2;METZELER;MOTO ROUTE;Ete;240/50 R 16   M/C 84V   METZELER   ME 880 MARATHON ;;240;;50;R;16;;84;V;;TL;;;;ME 880 MARATHON;;;;;;;3;;-;-;-;-
8019227010923;0109200;Z818543;3;56,1;METZELER;MOTO ROUTE;Ete;2.75 - 16   46P   METZELER   BLOCK C Reinf;;2.75;;;-;16;;46;P;;;Reinf;;;BLOCK C;;;;;;;3;;-;-;-;-
8019227010954;0109500;Z818544;3;68,31;METZELER;MOTO ROUTE;Ete;3.25 - 16   55P   METZELER   BLOCK C Reinf;;3.25;;;-;16;;55;P;;;;;;BLOCK C;;;;;;;2;;-;-;-;-
8019227010961;0109600;Z818545;4;71,59;METZELER;MOTO ROUTE;Ete;3.50 - 16   58P   METZELER   BLOCK C Reinf;;3.50;;;-;16;;58;P;;;Reinf;;;BLOCK C;;;;;;;2;;-;-;-;-
8019227013108;0131000;Z818546;2;66,62;METZELER;MOTO ROUTE;Ete;4.60 - 16   59S   METZELER   ME 77 PERFECT;;4.60;;;-;16;;59;S;;TL;;;;ME 77 PERFECT;;;;;;;2;;-;-;-;-
8019227152968;1529600;Z818554;16;55,92;METZELER;MOTO ROUTE;Ete;100/80 - 17   M/C 52S   METZELER   LASERTEC;;100;;80;-;17;;52;S;;TL;;;;LASERTEC;;;;;;;3;;-;-;-;-
8019227153033;1530300;Z818555;1;66,85;METZELER;MOTO ROUTE;Ete;110/70 - 17   M/C 54H   METZELER   LASERTEC;;110;;70;-;17;;54;H;;TL;;;;LASERTEC;;;;;;;2;;-;-;-;-
8019227153040;1530400;Z818559;50;71,15;METZELER;MOTO ROUTE;Ete;110/80 - 17   M/C 57H   METZELER   LASERTEC;;110;;80;-;17;;57;H;;TL;;;;LASERTEC;;;;;;;3;;-;-;-;-
8019227153477;1534700;Z818560;20;80,38;METZELER;MOTO ROUTE;Ete;110/80 V 17   M/V 57V   METZELER   LASERTEC;;110;;80;V;17;;57;V;;TL;;;;LASERTEC;;;;;;;3;;-;-;-;-
8019227144826;1448200;Z818562;17;77,46;METZELER;MOTO ROUTE;Ete;120/60 ZR 17   55W   METZELER   ROADTEC Z6;;120;;60;ZR;17;;55;W;;;;;;ROADTEC Z6;;;;;;;3;;;;0;0
8019227158854;1588500;Z818567;1;125,98;METZELER;MOTO ROUTE;Ete;120/70 R 17   NHS   METZELER   RACETEC RAIN K1;;120;;70;R;17;;;;;TL;;;;RACETEC RAIN;;;;;;K1;2;;-;-;-;-
5452000927316;556116;5982;20;83,82;GOODYEAR;PNEUS 4X4 ETE;Ete;215/60 R 16   95H   GOODYEAR   WRANGLER HP RE;;215;;60;R;16;;95;H;;TL;;;;WRANGLER HP;;;;;;RE;3;;F;E;73;3
5452000287748;553422;6005;20;112,33;GOODYEAR;PNEUS CAMIONNETTE HIVER;Hiver;225/75 R 16   118/116N   GOOD YEAR   CARGO ULTRA GRIP G124;;225;;75;R;16;;118/116;N;;TL;;;;CARGO ULTRA GRIP G124;;;;;;;5;;C;E;77;3
3398911867209;550134;6008;20;540,87;GOODYEAR;PNEUS 4X4 ETE;Ete;7.50 R 16   108N   GOOD YEAR   WRG RAD 06 TT;;7.50;;;R;16;;108;N;;TT;;;;WRG RAD 06;;;;;;;5;;G;C;74;3
3398910098215;552168;6029;19;88,9;GOODYEAR;PNEUS CAMIONNETTE 4 SAISONS;Quatre saisons;195 R 14   106/104Q   GOOD YEAR   CARGO VECTOR;;195;;;R;14;;106/104;Q;;TL;;;;CARGO VECTOR;;;;;;;3;;E;C;73;3
5452000287724;553420;6036;20;109,76;GOODYEAR;PNEUS CAMIONNETTE HIVER;Hiver;215/75 R 16   116/114Q   GOOD YEAR   CARGO ULTRA GRIP G124;;215;;75;R;16;;116/114;Q;;TL;;;;CARGO ULTRA GRIP G124;;;;;;;5;;C;F;77;3
5420068631261;VIDE;6571;49;47,53;WANLI;PNEUS TOURISME ETE;Ete;215/40 R 17   87W   WANLI   S1063  XL;;215;;40;R;17;;87;W;;TL;XL;;;S1063;;;;;;;3;;E;B;72;2
5452000939630;516983;6270;34;62,11;GOODYEAR;PNEUS TOURISME ETE;Ete;195/45 R 15   78V   GOOD YEAR   EAGLE F1 GSD3 FP FI;;195;;45;R;15;;78;V;;TL;;;;EAGLE F1 GSD3;;;;;;FP FI;2;;F;B;65;1
5452000933379;509667;6299;20;99,29;GOODYEAR;PNEUS TOURISME ETE;Ete;205/45 R 17   84V   GOOD YEAR   EAGLE RS-A * FP EMT;;205;;45;R;17;;84;V;;TL;;;;EAGLE RS-A;;EMT;;;;* FP;5;;F;C;69;2
4981910842637;16770183;109578;40;60,83;TOYO;PNEUS CAMIONNETTE ETE;Ete;195/65 R 16   104/102R   TOYO   H08;;195;;65;R;16;;104/102;R;;TL;;;;H08;;;;;;;3;;F;E;72;2
3398916782439;502445;6404;2;133,76;GOODYEAR;PNEUS TOURISME ETE;Ete;P 245/45 ZR 17   89Y   GOOD YEAR   EAGLE F1 GS EMT;;245;;45;ZR;17;;89;Y;;TL;;;;EAGLE F1 GS;;EMT;;;;;2;;F;C;71;2
8019227153125;1531200;Z818572;3;77,84;METZELER;MOTO ROUTE;Ete;120/70 - 17   M/C 58V   METZELER   LASERTEC ;;120;;70;-;17;;58;V;;TL;;;;LASERTEC;;;;;;;2;;-;-;-;-
8019227096675;0966700;Z818573;5;50,15;METZELER;MOTO ROUTE;Ete;120/70 B 17   58V   METZELER   ME 880 MARATHON  AV;;120;;70;B;17;;58;V;;TL;;;;ME 880 MARATHON  AV;;;;;;;2;;;;0;0
8019227104479;1044700;Z818574;30;54,71;METZELER;MOTO ROUTE;Ete;120/70 R 17   M/C 58V   METZELER   ME 880 MARATHON;;120;;70;R;17;;58;V;;TL;;;;ME 880 MARATHON;;;;;;;2;;-;-;-;-
8019227159059;1590500;Z818578;33;52,92;METZELER;MOTO ROUTE;Ete;120/70 ZR 17   58W   METZELER   SPORTEC M3;;120;;70;ZR;17;;58;W;;TL;;;;SPORTEC M3;;;;;;;2;;-;-;-;-
8019227144819;1448100;Z818582;50;65,28;METZELER;MOTO ROUTE;Ete;120/70 ZR 17   M/C 58W   METZELER   ROADTEC Z6;;120;;70;ZR;17;;58;W;;TL;;;;ROADTEC Z6;;;;;;;2;;-;-;-;-
8019227112498;1124900;Z818589;20;98,1;METZELER;MOTO ROUTE;Ete;120/80 - 17   M/C 61V   METZELER   ME 880 MARATHON;;120;;80;-;17;;61;V;;TL;;;;ME 880 MARATHON;;;;;;;3;;-;-;-;-
8019227153262;1532600;Z818590;11;79,12;METZELER;MOTO ROUTE;Ete;130/70 - 17  M/C  62H   METZELER   LASERTEC ;;130;;70;-;17;;62;H;;TL;;;;LASERTEC ;;;;;;;3;;-;-;-;-
8019227153255;1532500;Z818591;46;64,96;METZELER;MOTO ROUTE;Ete;130/70 - 17   M/C 62S   METZELER   LASERTEC ;;130;;70;-;17;;62;S;;TL;;;;LASERTEC ;;;;;;;3;;-;-;-;-
8019227162400;1624000;Z818592;8;80,57;METZELER;MOTO ROUTE;Ete;130/70 R 17   M/C 62V   METZELER   ME 880 MARATHON;;130;;70;R;17;;62;V;;TL;;;;ME 880 MARATHON;;;;;;;2;;-;-;-;-
8019227153279;1532700;Z818593;1;82,17;METZELER;MOTO ROUTE;Ete;130/80 - 17   M/C 65H   METZELER   LASERTEC ;;130;;80;-;17;;65;H;;TL;;;;LASERTEC ;;;;;;;3;;-;-;-;-
8019227153293;1532900;Z818595;3;90,65;METZELER;MOTO ROUTE;Ete;130/90 - 17   M/C 68V   METZELER   LASERTEC ;;130;;90;-;17;;68;V;;TL;;;;LASERTEC ;;;;;;;2;;-;-;-;-
8019227162424;1624200;Z818596;8;73,19;METZELER;MOTO ROUTE;Ete;140/80 - 17   M/C 69H   METZELER   ME 880 MARATHON;;140;;80;-;17;;69;H;;TL;;;;ME 880 MARATHON;;;;;;;2;;-;-;-;-
8019227153323;1533200;Z818597;11;88,75;METZELER;MOTO ROUTE;Ete;140/80 B 17   M/C 69V   METZELER   LASERTEC ;;140;;80;B;17;;69;V;;TL;;;;LASERTEC ;;;;;;;5;;-;-;-;-
8019227153491;1534900;Z818598;7;92,67;METZELER;MOTO ROUTE;Ete;140/80 VB 17   M/C 69V   METZELER   LASERTEC ;;140;;80;VB;17;;69;V;;TL;;;;LASERTEC ;;;;;;;2;;-;-;-;-
8019227119381;1193800;Z818599;3;59,03;METZELER;MOTO ROUTE;Ete;140/80 B 17   M/C 69V   METZELER   ME 880 MARATHON MBS;;140;;80;B;17;;69;V;;TL;;;;ME 880 MARATHON;;;;;;MBS;2;;-;-;-;-
8019227153354;1533500;Z818601;1;90,11;METZELER;MOTO ROUTE;Ete;150/70 - 17   M/C 69H   METZELER   LASERTEC ;;150;;70;-;17;;69;H;;TL;;;;LASERTEC ;;;;;;;2;;-;-;-;-
8019227153378;1533700;Z818603;5;95,86;METZELER;MOTO ROUTE;Ete;150/70 VB 17   M/C 69V   METZELER   LASERTEC ;;150;;70;VB;17;;69;V;;TL;;;;LASERTEC ;;;;;;;2;;-;-;-;-
8019227144888;1448800;Z818605;1;87,08;METZELER;MOTO ROUTE;Ete;150/70 ZR 17   69W   METZELER   ROADTEC Z6;;150;;70;ZR;17;;69;W;;;;;;ROADTEC Z6;;;;;;;2;;;;0;0
8019227170542;1705400;Z818606;4;114,01;METZELER;MOTO ROUTE;Ete;150/80 - 17   M/C 72H   METZELER   ME 880 MARATHON;;150;;80;-;17;;72;H;;TL;;;;ME 880 MARATHON;;;;;;;2;;-;-;-;-
8019227133516;1335100;Z818607;11;131,16;METZELER;MOTO ROUTE;Ete;150/80 R 17   M/C 72V   METZELER   ME 880 MARATHON;;150;;80;R;17;;72;V;;TL;;;;ME 880 MARATHON;;;;;;;2;;-;-;-;-
8019227158892;1588900;Z818608;14;149,85;METZELER;MOTO ROUTE;Ete;160/60 R 17   NHS   METZELER   RACETEC RAIN K1 BLOCK;;160;;60;R;17;;;;;TL;;;;RACETEC RAIN;;;;;;K1 BLOCK;3;;-;-;-;-
8019227159080;1590800;Z818612;50;78,94;METZELER;MOTO ROUTE;Ete;160/60 ZR 17   69W   METZELER   SPORTEC M3;;160;;60;ZR;17;;69;W;;;;;;SPORTEC M3;;;;;;;3;;;;0;0
8019227144871;1448700;Z818614;50;70,46;METZELER;MOTO ROUTE;Ete;160/60 ZR 17   M/C 69W   METZELER   ROADTEC Z6;;160;;60;ZR;17;;69;W;;TL;;;;ROADTEC Z6;;;;;;;2;;-;-;-;-
8019227153385;1533800;Z818615;3;101,98;METZELER;MOTO ROUTE;Ete;160/70 B 17   M/C 73V   METZELER   LASERTEC ;;160;;70;B;17;;73;V;;TL;;;;LASERTEC ;;;;;;;2;;-;-;-;-
8019227161953;1619500;Z818617;1;93,15;METZELER;MOTO ROUTE;Ete;160/70 ZR 17   M/C 73W   METZELER   ROADTEC Z6;;160;;70;ZR;17;;73;W;;TL;;;;ROADTEC Z6;;;;;;;2;;-;-;-;-
8019227144918;1449100;Z818620;1;89,11;METZELER;MOTO ROUTE;Ete;170/60 ZR 17   M/C 72W   METZELER   ROADTEC Z6;;170;;60;ZR;17;;72;W;;TL;;;;ROADTEC Z6;;;;;;;2;;-;-;-;-
8019227158922;1589200;Z818623;1;160,46;METZELER;MOTO ROUTE;Ete;180/55 R 17   NHS   METZELER   RACETEC RAIN K2;;180;;55;R;17;;;;;TL;;;;RACETEC RAIN;;;;;;K2;2;;-;-;-;-
8019227159103;1591000;Z818626;18;70,56;METZELER;MOTO ROUTE;Ete;180/55 ZR 17   73W   METZELER   SPORTEC M3;;180;;55;ZR;17;;73;W;;;;;;SPORTEC M3;;;;;;;2;;;;0;0
8019227144864;1448600;Z818630;50;66,98;METZELER;MOTO ROUTE;Ete;180/55 ZR 17   M/C 73W   METZELER   ROADTEC Z6;;180;;55;ZR;17;;73;W;;TL;;;;ROADTEC Z6;;;;;;;2;;-;-;-;-
8019227159110;1591100;Z818635;20;82,41;METZELER;MOTO ROUTE;Ete;190/50 ZR 17   73W   METZELER   SPORTEC M3;;190;;50;ZR;17;;73;W;;;;;;SPORTEC M3;;;;;;;3;;;;0;0
8019227144901;1449000;Z818636;11;79,92;METZELER;MOTO ROUTE;Ete;190/50 ZR 17   M/C 73W   METZELER   ROADTEC Z6;;190;;50;ZR;17;;73;W;;TL;;;;ROADTEC Z6;;;;;;;3;;-;-;-;-
8019227171235;1712300;Z818648;11;164,8;METZELER;MOTO ROUTE;Ete;200/50 ZR 17   M/C 75W   METZELER   ME 880 MARATHON;;200;;50;ZR;17;;75;W;;TL;;;;ME 880 MARATHON;;;;;;;2;;-;-;-;-
8019227130768;1307600;Z818650;13;172,87;METZELER;MOTO ROUTE;Ete;210/50 ZR 17   M/C 78W   METZELER   ME 880 MARATHON ;;210;;50;ZR;17;;78;W;;TL;;;;ME 880 MARATHON;;;;;;;2;;-;-;-;-
8019227071160;0711600;Z818651;25;42;METZELER;MOTO ROUTE;Ete;2.50 - 17   43P   METZELER   ME 22 Reinf TT;;2.50;;;-;17;;43;P;;TT;Reinf;;;ME 22;;;;;;;3;;-;-;-;-
8019227011586;0115800;Z818652;1;42,99;METZELER;MOTO ROUTE;Ete;2.75 - 17   47P   METZELER   ME 22 Reinf TT;;2.75;;;-;17;;47;P;;TT;Reinf;;;ME 22;;;;;;;3;;-;-;-;-
8019227011616;0116100;Z818653;1;40,51;METZELER;MOTO ROUTE;Ete;3.00 - 17   M/C 50P   METZELER   ME 22;;3.00;;;-;17;;50;P;;;;;;ME 22;;;;;;;2;;-;-;-;-
8019227152982;1529800;Z818654;35;64,57;METZELER;MOTO ROUTE;Ete;100/90 - 18   M/C 56H   METZELER   LASERTEC ;;100;;90;-;18;;56;H;;TL;;;;LASERTEC;;;;;;;2;;-;-;-;-
8019227119374;1193700;Z818655;13;72,75;METZELER;MOTO ROUTE;Ete;100/90  18   56H   METZELER   ME 880 MARATHON ;;100;;90;;18;;56;H;;;;;;ME 880 MARATHON ;;;;;;;3;;;;0;0
8019227152999;1529900;Z818656;19;87,42;METZELER;MOTO ROUTE;Ete;100/90  18   56V   METZELER   LASERTEC F;;100;;90;;18;;56;V;;;;;;LASERTEC F;;;;;;;3;;;;0;0
8019227153453;1534500;Z818657;2;75,75;METZELER;MOTO ROUTE;Ete;100/90 V 18   M/C 56V   METZELER   LASERTEC ;;100;;90;V;18;;56;V;;TL;;;;LASERTEC;;;;;;;2;;-;-;-;-
8019227153057;1530500;Z818658;4;68,89;METZELER;MOTO ROUTE;Ete;110/80 - 18   M/C 58H   METZELER   LASERTEC;;110;;80;-;18;;58;H;;TL;;;;LASERTEC;;;;;;;2;;-;-;-;-
8019227153484;1534800;Z818661;5;85,69;METZELER;MOTO ROUTE;Ete;110/80 V 18   M/C 58V   METZELER   LASERTEC;;110;;80;V;18;;58;V;;TL;;;;LASERTEC;;;;;;;3;;-;-;-;-
8019227153194;1531900;Z818664;4;80,96;METZELER;MOTO ROUTE;Ete;110/90 - 18   M/C 61H   METZELER   LASERTEC;;110;;90;-;18;;61;H;;TL;;;;LASERTEC;;;;;;;2;;-;-;-;-
8019227170429;1704200;Z818665;1;81,86;METZELER;MOTO ROUTE;Ete;110/90  18   61H   METZELER   LASERTEC ;;110;;90;;18;;61;H;;;;;;LASERTEC ;;;;;;;2;;;;0;0
8019227116618;1166100;Z818666;5;50,53;METZELER;MOTO ROUTE;Ete;110/90 - 18   M/C 61H   METZELER   ME 880 MARATHON;;110;;90;-;18;;61;H;;TL;;;;ME 880 MARATHON  NX;;;;;;;2;;-;-;-;-
8019227144710;1447100;10633;2;98,37;PIRELLI;PNEUS 4X4 ETE;Ete;205/65 R 16   95H   PIRELLI   SCORPION STR  M+S RB   ;;205;;65;R;16;;95;H;;TL;;;;SCORPION STR;;;;;;M+S RB;2;;F;C;71;2
8019227139457;1394500;10634;34;90,69;PIRELLI;PNEUS 4X4 ETE;Ete;255/65 R 16   109H   PIRELLI   SCORPION STR  M+S RB   ;;255;;65;R;16;;109;H;;TL;;;;SCORPION STR;;;;;;M+S RB;2;;F;C;71;2
8019227148640;1486400;10636;13;149,4;PIRELLI;PNEUS 4X4 ETE;Ete;265/65 R 17   112H   PIRELLI   SCORPION STR  M+S RB   ;;265;;65;R;17;;112;H;;;;;;SCORPION STR  M+S RB;;;;;;;3;;F;C;71;2
4038526218926;511631;91092;2;123,41;DUNLOP;PNEUS TOURISME HIVER;Hiver;215/45 R 17   91V   DUNLOP   SP WINTER SPORT M3 MFS XL;;215;;45;R;17;;91;V;;TL;XL;;;SP WINTER SPORT M3;;;;;;MFS;2;;E;E;69;1
3286347846212;78462;91019;5;125,31;BRIDGESTONE;PNEUS TOURISME HIVER;Hiver;255/35 R 18   94V   BRIDGESTONE   BLIZZAK LM25V XL;;255;;35;R;18;;94;V;;TL;XL;;;BLIZZAK LM25V;;;;;;;3;;F;F;73;2
3286347845918;78459;91020;50;125,3;BRIDGESTONE;PNEUS TOURISME HIVER;Hiver;255/40 R 17   98V   BRIDGESTONE   BLIZZAK LM25V XL;;255;;40;R;17;;98;V;;TL;XL;;;BLIZZAK LM25V;;;;;;;2;;F;E;73;2
4981910829096;14020144;109416;20;56,27;TOYO;PNEUS TOURISME ETE;Ete;155/80 R 14   80S   TOYO   310  ;;155;;80;R;14;;80;S;;TL;;;;310;;;;;;;5;;;;0;0
4981910804840;11581315;109422;29;50,96;TOYO;PNEUS CAMIONNETTE ETE;Ete;165/70 R 13   88R   TOYO   H08;;165;;70;R;13;;88;R;;TL;;;;H08;;;;;;;2;;F;E;71;2
3286347843716;78437;90985;4;75,3;BRIDGESTONE;PNEUS TOURISME HIVER;Hiver;205/60 R 15   91H   BRIDGESTONE   BLIZZAK LM25Z;;205;;60;R;15;;91;H;;;;;;BLIZZAK LM25Z;;;;;;;4;;F;C;74;3
3286347843419;78434;90998;6;91,09;BRIDGESTONE;PNEUS TOURISME HIVER;Hiver;215/65 R 15   96H   BRIDGESTONE   BLIZZAK LM25;;215;;65;R;15;;96;H;;TL;;;;BLIZZAK LM25;;;;;;;3;;F;C;74;3
3286340114318;1143;L524379;18;58,26;BRIDGESTONE;PNEUS TOURISME ETE;Ete;185/60 R 15   84H   BRIDGESTONE   RE080;;185;;60;R;15;;84;H;;;;;;RE080;;;;;;;5;;E;C;70;2
3286340123013;1230;L524381;4;76,57;BRIDGESTONE;PNEUS TOURISME ETE;Ete;215/45 R 17   87Y   BRIDGESTONE   RE050 ASYMMETRIC;;215;;45;R;17;;87;Y;;TL;;;;RE050 ASYMMETRIC;;;;;;;2;;F;C;70;2
3286347896910;78969;L524383;50;134,43;BRIDGESTONE;PNEUS TOURISME ETE;Ete;225/35 R 19   88Y   BRIDGESTONE   RE050 ASYMMETRIC * XL RFT;;225;;35;R;19;;88;Y;;TL;XL;;;RE050 ASYMMETRIC;;RFT;;;;* WAR;2;;F;B;71;2
3286340117418;1174;L524386;20;137,6;BRIDGESTONE;PNEUS TOURISME ETE;Ete;235/50 R 18   97W   BRIDGESTONE   TURANZA ER33;;235;;50;R;18;;97;W;;TL;;;;TURANZA ER33;;;;;;WAR;2;;E;C;71;2
3286340114011;1140;L524387;4;135,24;BRIDGESTONE;PNEUS 4X4 ETE;Ete;235/60 R 17   102H   BRIDGESTONE   ER30 KIA;;235;;60;R;17;;102;H;;TL;;;;ER30;;;;;;KIA;3;;E;E;71;2
3286340115216;1152;L524388;10;184,03;BRIDGESTONE;PNEUS TOURISME ETE;Ete;245/35 R 20   91Y   BRIDGESTONE   RE050 ASYMMETRIC FERRARI RFT;;245;;35;R;20;;91;Y;;TL;;;;RE050 ASYMMETRIC;;RFT;;;;FERR. 599 GTB FIORANO;3;;F;C;72;3
3286340200219;2002;L524389;2;128,12;BRIDGESTONE;PNEUS TOURISME ETE;Ete;245/45 R 17   95Y   BRIDGESTONE   RE050 ASYMMETRIC A0 RFT;;245;;45;R;17;;95;Y;;TL;;;;RE050 ASYMMETRIC;;RFT;;;;A4-A5;3;;F;C;71;2
3286340117517;1175;L524390;18;138,35;BRIDGESTONE;PNEUS TOURISME ETE;Ete;245/45 R 19   98Y   BRIDGESTONE   TURANZA ER33;;245;;45;R;19;;98;Y;;TL;;;;TURANZA ER33;;;;;;WAR;2;;E;C;71;2
3286340115117;1151;L524393;6;208,34;BRIDGESTONE;PNEUS TOURISME ETE;Ete;305/35 ZR 20   104Y   BRIDGESTONE   RE050 ASYMMETRIC RFT;;305;;35;ZR;20;;104;Y;;TL;;;;RE050 ASYMMETRIC;;RFT;;;;AR;3;;E;C;73;2
4981910820956;13060576;109584;50;58,16;TOYO;PNEUS CAMIONNETTE ETE;Ete;195/70 R 15   104S   TOYO   H08;;195;;70;R;15;;104;S;;TL;;;;H08;;;;;;;3;;F;E;72;2
3286340588218;5882;Z901456;13;46,54;FIRESTONE;PNEUS TOURISME ETE;Ete;185/60 R 15   88H   FIRESTONE   TZ300α;;185;;60;R;15;;88;H;;TL;;;;TZ300;;;;;;;2;;E;C;70;2
3286340586917;5869;Z901457;4;53,24;FIRESTONE;PNEUS TOURISME ETE;Ete;205/60 R 15   91V   FIRESTONE   TZ300α;;205;;60;R;15;;91;V;;TL;;;;TZ300;;;;;;;2;;E;B;70;2
4981910808930;12020252;109588;13;58,4;TOYO;PNEUS CAMIONNETTE ETE;Ete;195/75 R 14   106S   TOYO   H08;;195;;75;R;14;;106;S;;TL;;;;H08;;;;;;;2;;F;E;72;2
4981910842767;16840211;109591;170;79,32;TOYO;PNEUS CAMIONNETTE ETE;Ete;195/75 R 16   107/105S   TOYO   H08;;195;;75;R;16;;107/105;S;;TL;;;;H08;;;;;;;1;;E;E;72;2
4981910830306;14090231;109594;3;60,56;TOYO;PNEUS CAMIONNETTE ETE;Ete;205 R 14   109S   TOYO   H08;;205;;80;R;14;;109;S;;TL;;;;H08;;;;;;;3;;E;E;72;2
4981910401735;15900458;109599;57;61,74;TOYO;PNEUS TOURISME ETE;Ete;205/40 R 17   84W   TOYO   PROXES T1R XL ;;205;;40;R;17;;84;W;;TL;XL;;;PROXES T1R;;;;;;;1;;F;C;70;2
3528701371139;137113;11380;40;68,92;MICHELIN;PNEUS CAMIONNETTE ETE;Ete;175/65 R 14   90/88T   MICHELIN   AGILIS 51;;175;;65;R;14;;90/88;T;;TL;;;;AGILIS 51;;;;;;;2;;C;A;72;2
3528701375731;137573;11391;7;87,97;MICHELIN;PNEUS CAMIONNETTE ETE;Ete;205/65 R 15   102/100T   MICHELIN   AGILIS 51;;205;;65;R;15;;102/100;T;;TL;;;;AGILIS 51;;;;;;;2;;C;A;72;2
4032344551494;04501680000;Z912406;3;112,52;GENERAL TIRE;PNEUS 4X4 ETE;Ete;LT 235/75 R 15   104/101Q   GENERAL TIRE   GRABBER MT LRC FR BSW;;235;;75;R;15;;104/101;Q;;TL;;;;GRABBER MT;;;;;;LRC FR BSW;3;;-;-;-;-
4032344594897;04502240000;Z912407;16;68,79;GENERAL TIRE;PNEUS 4X4 ETE;Ete;235/75 R 15   109T   GENERAL TIRE   GRABBER GT FR XL;;235;;75;R;15;;109;T;;TL;XL;;;GRABBER GT;;;;;;FR;4;;E;C;72;2
5420005505211;505716;11720;9;63,48;DUNLOP;PNEUS TOURISME ETE;Ete;175/60 R 15   81V   DUNLOP   SP SPORT 200E;;175;;60;R;15;;81;V;;TL;;;;SP200 E;;;;;;;2;;E;E;67;1
8019227243499;2434900;Z901458;20;114,21;PIRELLI;PNEUS TOURISME HIVER;Hiver;215/55 R 18   95H   PIRELLI   WINTER SOTTOZERO 3;;215;;55;R;18;;95;H;;TL;;;;WINTER SOTTOZERO 3;;;;;;;3;;E;B;72;2
3286347754616;77546;11759;66;113,79;BRIDGESTONE;PNEUS TOURISME ETE;Ete;225/50 R 17   94W   BRIDGESTONE   RE050 SYMMETRIC * RFT;;225;;50;R;17;;94;W;;TL;;;;RE050;;RFT;;;;* WAR;2;;F;C;70;2
3286347737619;77376;11770;2;139,44;BRIDGESTONE;PNEUS TOURISME ETE;Ete;245/45 R 18   100H   BRIDGESTONE   RE050 SYMMETRIC M0 XL RFT;;245;;45;R;18;;100;H;;TL;XL;;;RE050CZ;;RFT;;;;M0 CLASS S;2;;F;C;72;2
3286347732812;77328;11773;10;236,42;BRIDGESTONE;PNEUS TOURISME ETE;Ete;345/35 ZR 19   110Y   BRIDGESTONE   RE050 ASYMMETRIC;;345;;35;ZR;19;;110;Y;;TL;;;;RE050 ASYMMETRIC;;;;;;WAR;2;;E;C;73;2
3286347732911;77329;11775;2;140,22;BRIDGESTONE;PNEUS TOURISME ETE;Ete;245/35 R 19   89Y   BRIDGESTONE   RE050 ASYMMETRIC ;;245;;35;ZR;19;;89;Y;;TL;;;;RE050 ASYMMETRIC;;;;;;WAR;3;;F;C;71;2
3286347764417;77644;11784;2;123,83;BRIDGESTONE;PNEUS TOURISME ETE;Ete;255/40 R 17   94Y   BRIDGESTONE   RE050 ASYMMETRIC;;255;;40;R;17;;94;Y;;TL;;;;RE050 ASYMMETRIC;;;;;;;3;;E;C;72;2
3286347852312;78523;11785;24;137,56;BRIDGESTONE;PNEUS TOURISME ETE;Ete;255/40 ZR 18   95Y   BRIDGESTONE   RE050 ASYMMETRIC;;255;;40;ZR;18;;95;Y;;TL;;;;RE050 ASYMMETRIC;;;;;;WAR;4;;F;C;72;2
6953913150659;669490;S500621;20;48,53;OVATION;PNEUS TOURISME ETE;Ete;155/70 R 12   73T   OVATION   VI-682;;155;;70;R;12;;73;T;;TL;;;;VI-682;;;;;;;5;;E;C;70;3
3000000061961;6196;Z904515;5;310,78;MICHELIN;PNEUS TOURISME COLLECTION;Ete;23/62 - 15   86W   MICHELIN   TB5 F  (270/45R15);;23;;62;-;15;;86;W;;TL;;;;TB5 F;;;;;;;1;;-;-;-;-
3286340232210;2322;12156;50;96,52;BRIDGESTONE;PNEUS 4X4 ETE;Ete;205/80 R 16   110/108S   BRIDGESTONE   DUELER D694;;205;;80;R;16;;110/108;S;;TL;;;;DUELER D694;;;;;;;4;;F;C;75;3
3286347757013;77570;12216;8;105,92;BRIDGESTONE;PNEUS 4X4 ETE;Ete;255/60 R 17   106T   BRIDGESTONE   DUELER H/T 840;;255;;60;R;17;;106;T;;;;;;DUELER H/T 840;;;;;;;2;;E;E;72;2
3286347731013;77310;12220;19;125,19;BRIDGESTONE;PNEUS 4X4 ETE;Ete;255/70 R 16   111S   BRIDGESTONE   DUELER H/T 840;;255;;70;R;16;;111;S;;;;;;DUELER H/T 840;;;;;;;3;;E;F;71;2
3286347751714;77517;12241;2;124,4;BRIDGESTONE;PNEUS 4X4 ETE;Ete;275/60 R 18   113H   BRIDGESTONE   DUELER H/T 684;;275;;60;R;18;;113;H;;TL;;;;DUELER H/T 684;;;;;;;3;;C;C;72;2
3286347745911;77459;12246;17;160,91;BRIDGESTONE;PNEUS 4X4 ETE;Ete;275/70 R 16   114S   BRIDGESTONE   DUELER D694;;275;;70;R;16;;114;S;;TL;;;;DUELER D694;;;;;;;3;;E;E;76;3
3286347752216;77522;12263;5;72,17;BRIDGESTONE;PNEUS CAMIONNETTE ETE;Ete;175 R 14   99/98R   BRIDGESTONE   DURAVIS R630;;175;;;R;14;;99/98;R;;TL;;;;DURAVIS R630;;;;;;;2;;F;C;71;2
3286347748516;77485;12266;8;59,27;BRIDGESTONE;PNEUS CAMIONNETTE ETE;Ete;185 R 14   102/100R   BRIDGESTONE   DURAVIS R630;;185;;;R;14;;102/100;R;;TL;;;;DURAVIS R630;;;;;;;2;;G;B;72;2
3286347748615;77486;12270;20;66,82;BRIDGESTONE;PNEUS CAMIONNETTE ETE;Ete;195 R 14   106/104R   BRIDGESTONE   DURAVIS R630;;195;;;R;14;;106/104;R;;TL;;;;DURAVIS R630;;;;;;;5;;F;B;72;2
3286340105316;1053;12273;29;77,25;BRIDGESTONE;PNEUS CAMIONNETTE ETE;Ete;195/65 R 16   104/102R   BRIDGESTONE   R630 DAILY;;195;;65;R;16;;104/102;R;;;;;;R630 DAILY;;;;;;;2;;E;C;72;2
3286340105415;1054;12280;28;88,71;BRIDGESTONE;PNEUS CAMIONNETTE ETE;Ete;215/65 R 16   109/107R   BRIDGESTONE   DURAVIS R630 ;;215;;65;R;16;;109/107;R;;;;;;DURAVIS R630;;;;;;;2;;E;C;72;2
4024068614623;03623380000;Z901459;11;62,34;UNIROYAL;PNEUS TOURISME ETE;Ete;205/45 R 16   83Y   UNIROYAL   RAINSPORT 3 FR   ;;205;;45;R;16;;83;Y;;;;;;RAINSPORT 3 FR;;;;;;;3;;E;A;71;2
3528704586493;458649;92227;3;491,3;MICHELIN;POIDS LOURDS ETE;Ete;315/60 R 22,5   152/148L   MICHELIN   XDA 2+ EN;;315;;60;R;22,5;;152/148;L;;;;;;XDA 2+ EN;;;;;;;2;;D;C;73;1
3286347681714;76817;13273;24;53,12;BRIDGESTONE;PNEUS TOURISME ETE;Ete;145/80 R 14   76T   BRIDGESTONE   B381 KZ;;145;;80;R;14;;76;T;;TL;;;;B381;;;;;;KZ;2;;C;C;70;2
3286347581519;75815;13365;2;177;BRIDGESTONE;PNEUS TOURISME ETE;Ete;295/30 ZR 18   Z   BRIDGESTONE   POTENZA S-02A N3 XL;;295;;30;ZR;18;;;Z;;TL;XL;;;POTENZA S-02A;;;;;;N3 WAR;3;;F;B;73;2
3286347743313;77433;13389;17;122,78;BRIDGESTONE;PNEUS TOURISME ETE;Ete;175/55 R 17   81W   BRIDGESTONE   POTENZA RE040;;175;;55;R;17;;81;W;;TL;;;;POTENZA RE040;;;;;;;2;;F;C;70;2
3286347766510;77665;13508;5;91,08;BRIDGESTONE;PNEUS TOURISME ETE;Ete;215/45 R 16   86W   BRIDGESTONE   POTENZA RE040;;215;;45;R;16;;86;W;;TL;;;;POTENZA RE040;;;;;;;2;;G;C;71;2
3286347885013;78850;13556;40;147,12;BRIDGESTONE;PNEUS TOURISME ETE;Ete;235/40 ZR 19   92Y   BRIDGESTONE   RE050 ASYMMETRIC AM9;;235;;40;ZR;19;;92;Y;;TL;;;;RE050 ASYMMETRIC;;;;;;AM9 WAR;4;;G;B;71;2
3286340106313;1063;13559;226;70,5;BRIDGESTONE;PNEUS TOURISME ETE;Ete;235/45 R 17   94Y   BRIDGESTONE   RE050 AUDI A4;;235;;45;R;17;;94;Y;;TL;;;;RE050;;;;;;AUDI A4;3;;E;C;74;3
3286347781414;77814;13565;4;100,23;BRIDGESTONE;PNEUS TOURISME ETE;Ete;235/55 R 18   99V   BRIDGESTONE   POTENZA E031;;235;;55;R;18;;99;V;;TL;;;;POTENZA E031;;;;;;;2;;E;E;71;2
3286347754319;77543;13576;20;121,02;BRIDGESTONE;PNEUS TOURISME ETE;Ete;245/40 R 18   93W   BRIDGESTONE   RE050 ASYMMETRIC * RFT ;;245;;40;R;18;;93;W;;TL;;;;RE050 ASYMMETRIC;;RFT;;;;* WAR;5;;G;C;72;3
3286347834417;78344;13578;14;116,77;BRIDGESTONE;PNEUS TOURISME ETE;Ete;245/40 R 18   93Y   BRIDGESTONE   POTENZA RE040 RFT;;245;;40;ZR;18;;93;Y;;TL;;;;POTENZA RE040;;RFT;;;;WAR;3;;F;E;70;2
3286347792618;77926;13579;62;166,11;BRIDGESTONE;PNEUS TOURISME ETE;Ete;245/40 R 19   94W   BRIDGESTONE   RE050 ASYMMETRIC * RFT;;245;;40;R;19;;94;W;;TL;;;;RE050 ASYMMETRIC;;RFT;;;;* SERIE 6;3;;F;C;72;3
3286347754517;77545;13580;12;124,28;BRIDGESTONE;PNEUS TOURISME ETE;Ete;245/45 R 17   95W   BRIDGESTONE   POTENZA RE050 * RFT;;245;;45;R;17;;95;W;;TL;;;;POTENZA RE050;;RFT;;;;* WAR;3;;F;C;69;2
3286347792410;77924;13585;34;128,15;BRIDGESTONE;PNEUS TOURISME ETE;Ete;245/45 R 18   96W   BRIDGESTONE   RE050 ASYMMETRIC * RFT;;245;;45;R;18;;96;W;;TL;;;;RE050 ASYMMETRIC;;RFT;;;;* WAR;2;;F;C;71;2
3286347731914;77319;13587;20;148,6;BRIDGESTONE;PNEUS TOURISME ETE;Ete;245/50 R 18   100W   BRIDGESTONE   TURANZA ER42 * RFT;;245;;50;R;18;;100;W;;TL;;;;TURANZA ER42;;RFT;;;;* WAR;5;;E;E;70;2
3286347884917;78849;13618;50;156,66;BRIDGESTONE;PNEUS TOURISME ETE;Ete;275/35 ZR 19   96Y   BRIDGESTONE   RE050 ASYMMETRIC AM9;;275;;35;ZR;19;;96;Y;;TL;;;;RE050 ASYMMETRIC;;;;;;AM9 WAR;2;;F;B;72;2
3286347792519;77925;13619;13;185,34;BRIDGESTONE;PNEUS TOURISME ETE;Ete;275/40 R 18   99W   BRIDGESTONE   RE050 ASYMMETRIC * RFT;;275;;40;R;18;;99;W;;TL;;;;RE050 ASYMMETRIC;;RFT;;;;* WAR;3;;F;C;72;2
3286347794513;77945;13562;44;97,58;BRIDGESTONE;PNEUS 4X4 ETE;Ete;235/50 R 18   97H   BRIDGESTONE   TURANZA EL42 *;;235;;50;R;18;;97;H;;TL;;;;TURANZA EL42;;;;;;* WAR;2;;F;E;70;2
3286347797613;77976;13563;50;88,21;BRIDGESTONE;PNEUS 4X4 ETE;Ete;235/55 R 17   99H   BRIDGESTONE   TURANZA EL42 *;;235;;55;R;17;;99;H;;TL;;;;TURANZA EL42;;;;;;* WAR;2;;F;C;71;2
3286347727214;77272;13689;20;45;BRIDGESTONE;PNEUS TOURISME HIVER;Hiver;175/80 R 14   88T   BRIDGESTONE   LM-18;;175;;80;R;14;;88;T;;;;;;LM-18;;;;;;;5;;G;E;70;2
4019238264142;03546370000;13979;20;154,11;CONTINENTAL;PNEUS 4X4 ETE;Ete;275/40 R 20   106Y   CONTINENTAL   4X4 SPORT CONTACT FR N0  XL ;;275;;40;R;20;;106;Y;;;XL;;;4X4 SPORT CONTACT FR N0;;;;;;;3;;G;B;72;2
4019238212624;04515010000;14047;2;105,76;CONTINENTAL;PNEUS CAMIONNETTE ETE;Ete;185/60 R 17   96/94R   CONTINENTAL   VANCO CONTACT   ;;185;;60;R;17;;96/94;R;;;;;;VANCO CONTACT;;;;;;;3;;E;C;72;2
4019238212907;04733330000;14146;8;106,87;CONTINENTAL;PNEUS CAMIONNETTE 4 SAISONS;Quatre saisons;205/75 R 16   113/111R   CONTINENTAL   VANCO 4 SEASON;;205;;75;R;16;;113/111;R;;TL;;;;VANCO 4 SEASON;;;;;;;2;;E;C;72;2
4019238212914;04733340000;14155;6;118,01;CONTINENTAL;PNEUS CAMIONNETTE 4 SAISONS;Quatre saisons;215/75 R 16   116/114R   CONTINENTAL   VANCO 4 SEASON 2  ;;215;;75;R;16;;116/114;R;;TL;;;;VANCO 4 SEASON 2;;;;;;;2;;E;C;72;2
4019238159721;04573620000;14124;6;73,93;CONTINENTAL;PNEUS CAMIONNETTE 4 SAISONS;Quatre saisons;185 R 14   102/100Q   CONTINENTAL   VANCO 4 SEASON 2  ;;185;;;R;14;;102/100;Q;;TL;;;;VANCO 4 SEASON 2;;;;;;;2;;E;C;72;2
4019238159752;04574410000;14134;40;72,06;CONTINENTAL;PNEUS CAMIONNETTE 4 SAISONS;Quatre saisons;195/70 R 15   104/102R   CONTINENTAL   VANCO 4 SEASON 2  ;;195;;70;R;15;;104/102;R;;TL;;;;VANCO 4 SEASON 2;;;;;;;2;;E;C;72;2
4981910833369;14770550;109426;101;55,33;TOYO;PNEUS CAMIONNETTE ETE;Ete;165/70 R 14   89R   TOYO   H08;;165;;70;R;14;;89;R;;TL;;;;H08;;;;;;;1;;F;E;71;2
4019238177626;03510410000;15599;50;64,42;CONTINENTAL;PNEUS TOURISME ETE;Ete;135/70 R 15   70T   CONTINENTAL   ECO CONTACT EP FR   ;;135;;70;R;15;;70;T;;TL;;;;ECO CONTACT EP;;;;;;FR;4;;F;E;70;2
4019238159486;03512350000;15606;20;49,17;CONTINENTAL;PNEUS TOURISME ETE;Ete;145/65 R 15   72T   CONTINENTAL   ECO CONTACT EP FR   ;;145;;65;R;15;;72;T;;TL;;;;ECO CONTACT EP;;;;;;;3;;F;B;70;2
4019238258899;03520070000;15610;50;42,43;CONTINENTAL;PNEUS TOURISME ETE;Ete;145/70 R 13   71T   CONTINENTAL   ECO CONTACT 3   ;;145;;70;R;13;;71;T;;TL;;;;ECO CONTACT 3;;;;;;;4;;E;B;70;2
4019238258868;03520040000;15615;20;40,01;CONTINENTAL;PNEUS TOURISME ETE;Ete;145/80 R 13   75T   CONTINENTAL   ECO CONTACT 3   ;;145;;80;R;13;;75;T;;TL;;;;ECO CONTACT 3;;;;;;;3;;F;B;70;2
4019238204223;03510890000;15623;8;49,7;CONTINENTAL;PNEUS TOURISME ETE;Ete;155/65 R 13   73T   CONTINENTAL   ECO CONTACT EP;;155;;65;R;13;;73;T;;TL;;;;ECO CONTACT EP;;;;;;;3;;F;F;70;2
4019238258905;03520080000;15629;20;41,05;CONTINENTAL;PNEUS TOURISME ETE;Ete;155/70 R 13   75T   CONTINENTAL   ECO CONTACT 3   ;;155;;70;R;13;;75;T;;TL;;;;ECO CONTACT 3;;;;;;;3;;F;B;70;2
4019238258998;03520230000;15645;21;54,39;CONTINENTAL;PNEUS TOURISME ETE;Ete;165/60 R 14   75H   CONTINENTAL   ECO CONTACT 3   ;;165;;60;R;14;;75;H;;TL;;;;ECO CONTACT 3;;;;;;;3;;E;B;70;2
4019238258967;03520200000;15649;9;48,84;CONTINENTAL;PNEUS TOURISME ETE;Ete;165/65 R 13   77T   CONTINENTAL   ECO CONTACT 3   ;;165;;65;R;13;;77;T;;TL;;;;ECO CONTACT 3;;;;;;;2;;F;B;70;2
4019238263718;03520870000;15652;100;53,31;CONTINENTAL;PNEUS TOURISME ETE;Ete;165/65 R 15   81T   CONTINENTAL   ECO CONTACT 3   ;;165;;65;R;15;;81;T;;TL;;;;ECO CONTACT 3;;;;;;;2;;E;B;70;2
4019238258912;03520090000;15656;16;43,74;CONTINENTAL;PNEUS TOURISME ETE;Ete;165/70 R 13   79T   CONTINENTAL   ECO CONTACT 3   ;;165;;70;R;13;;79;T;;TL;;;;ECO CONTACT 3;;;;;;;3;;E;B;70;2
4019238258882;03520060000;15665;53;47,92;CONTINENTAL;PNEUS TOURISME ETE;Ete;165/80 R 13   83T   CONTINENTAL   ECO CONTACT 3   ;;165;;80;R;13;;83;T;;TL;;;;ECO CONTACT 3;;;;;;;4;;C;B;70;2
4019238113488;03526210000;15667;4;49,99;CONTINENTAL;PNEUS TOURISME ETE;Ete;165/80 R 15   87T   CONTINENTAL   CT22;;165;;80;R;15;;87;T;;TL;;;;CT22;;;;;;;2;;F;E;70;2
4019238114089;03519700000;15579;20;51,23;CONTINENTAL;PNEUS TOURISME SECOURS;Ete;115/70 R 15   90M   CONTINENTAL   CST 17 (GALETTE)   ;;115;;70;R;15;;90;M;;TL;;;;CST 17 (GALETTE);;;;;;;3;;;;0;0
4019238159530;03512550000;15673;20;56,01;CONTINENTAL;PNEUS TOURISME ETE;Ete;175/55 R 15   77T   CONTINENTAL   ECO CONTACT EP FR   ;;175;;55;R;15;;77;T;;TL;;;;ECO CONTACT EP;;;;;;FR;3;;E;B;70;2
4019238243611;03518850000;15676;16;67,18;CONTINENTAL;PNEUS TOURISME ETE;Ete;175/60 R 15   81H   CONTINENTAL   ECO CONTACT 3   ;;175;;60;R;15;;81;H;;TL;;;;ECO CONTACT 3;;;;;;;2;;E;B;70;2
4019238113990;03529560000;15583;14;66,42;CONTINENTAL;PNEUS TOURISME SECOURS;Ete;125/70 R 15   95M   CONTINENTAL   CST 17 (GALETTE)   ;;125;;70;R;15;;95;M;;TL;;;;CST 17 (GALETTE);;;;;;;3;;;;0;0
4019238194166;03511560000;15678;2;73,35;CONTINENTAL;PNEUS TOURISME ETE;Ete;175/60 R 15   81V   CONTINENTAL   ECO CONTACT CP   ;;175;;60;R;15;;81;V;;TL;;;;ECO CONTACT CP;;;;;;;3;;F;B;70;2
4019238159356;03519500000;15585;19;61,79;CONTINENTAL;PNEUS TOURISME SECOURS;Ete;125/70 R 18   99M   CONTINENTAL   CST 17 (GALETTE)   ;;125;;70;R;18;;99;M;;TL;;;;CST 17 (GALETTE);;;;;;;3;;;;0;0
4019238243574;03518820000;15686;20;44,36;CONTINENTAL;PNEUS TOURISME ETE;Ete;175/65 R 14   82T   CONTINENTAL   ECO CONTACT 3   ;;175;;65;R;14;;82;T;;TL;;;;ECO CONTACT 3;;;;;;;3;;F;C;70;2
4019238258929;03520100000;15695;16;44,09;CONTINENTAL;PNEUS TOURISME ETE;Ete;175/70 R 13   82T   CONTINENTAL   ECO CONTACT 3   ;;175;;70;R;13;;82;T;;TL;;;;ECO CONTACT 3;;;;;;;3;;E;B;70;2
4019238114133;03529950000;15594;20;58,26;CONTINENTAL;PNEUS TOURISME SECOURS;Ete;125/90 R 15   96M   CONTINENTAL   CST 17 (GALETTE)   ;;125;;90;R;15;;96;M;;TL;;;;CST 17 (GALETTE);;;;;;;3;;;;0;0
4019238208672;03519490000;15595;18;60,8;CONTINENTAL;PNEUS TOURISME SECOURS;Ete;125/90 R 16   98M   CONTINENTAL   CST 17 (GALETTE)  M0;;125;;90;R;16;;98;M;;TL;;;;CST 17 (GALETTE);;;;;;M0;3;;;;0;0
4019238279979;03522870000;15704;63;53,08;CONTINENTAL;PNEUS TOURISME ETE;Ete;175/80 R 14   88T   CONTINENTAL   ECO CONTACT 3   ;;175;;80;R;14;;88;T;;TL;;;;ECO CONTACT 3;;;;;;;2;;C;B;70;2
4019238219920;03516530000;15709;20;89,16;CONTINENTAL;PNEUS TOURISME ETE;Ete;185/50 R 16   81V   CONTINENTAL   PREMIUM CONTACT FR   ;;185;;50;R;16;;81;V;;TL;;;;PREMIUM CONTACT;;;;;;FR;3;;F;C;67;1
4019238265330;03511830000;15719;71;79,33;CONTINENTAL;PNEUS TOURISME ETE;Ete;185/55 R 16   87H   CONTINENTAL   PREMIUM CONTACT  XL ;;185;;55;R;16;;87;H;;TL;XL;;;PREMIUM CONTACT;;;;;;;2;;E;C;68;1
4019238239843;03519750000;15631;50;66,93;CONTINENTAL;PNEUS TOURISME SECOURS;Ete;155/70 R 17   110M   CONTINENTAL   CST 17 (GALETTE) M0;;155;;70;R;17;;110;M;;TL;;;;CST 17 (GALETTE);;;;;;M0;3;;;;0;0
4019238222500;03519770000;15637;4;85,31;CONTINENTAL;PNEUS TOURISME SECOURS;Ete;155/80 R 19   114M   CONTINENTAL   CST 17 (GALETTE) M0;;155;;80;R;19;;114;M;;TL;;;;CST 17 (GALETTE);;;;;;M0;3;;;;0;0
4019238260885;03520560000;15750;13;51,91;CONTINENTAL;PNEUS TOURISME ETE;Ete;185/65 R 15   88T   CONTINENTAL   ECO CONTACT 3   ;;185;;65;R;15;;88;T;;TL;;;;ECO CONTACT 3;;;;;;;3;;E;C;70;2
4019238279986;03522880000;15759;20;57,86;CONTINENTAL;PNEUS TOURISME ETE;Ete;185/70 R 13   86T   CONTINENTAL   ECO CONTACT 3   ;;185;;70;R;13;;86;T;;TL;;;;ECO CONTACT 3;;;;;;;3;;E;B;70;2
4019238234282;03517900000;15769;3;74,4;CONTINENTAL;PNEUS TOURISME ETE;Ete;195/40 R 16   80W   CONTINENTAL   SPORT CONTACT 2 FR XL ;;195;;40;R;16;;80;W;;TL;XL;;;SPORT CONTACT 2;;;;;;FR;3;;F;B;72;2
4019238264487;03521230000;15804;2;82,54;CONTINENTAL;PNEUS TOURISME ETE;Ete;195/55 R 16   87V   CONTINENTAL   PREMIUM CONTACT FR M0;;195;;55;R;16;;87;V;;TL;;;;PREMIUM CONTACT;;;;;;M0 FR;3;;F;B;68;1
4019238239454;03519900000;15706;16;133,23;CONTINENTAL;PNEUS TOURISME SECOURS;Ete;175/80 R 19   122M   CONTINENTAL   CST 17 (GALETTE)   ;;175;;80;R;19;;122;M;;TL;;;;CST 17 (GALETTE);;;;;;;3;;;;0;0
4019238260892;03520580000;15831;13;48,88;CONTINENTAL;PNEUS TOURISME ETE;Ete;195/65 R 15   91T   CONTINENTAL   ECO CONTACT 3   ;;195;;65;R;15;;91;T;;TL;;;;ECO CONTACT 3;;;;;;;2;;E;B;71;2
4019238293166;03523700000;15946;20;98,63;CONTINENTAL;PNEUS TOURISME ETE;Ete;215/45 R 17   91V   CONTINENTAL   SPORT CONTACT 2 FR  XL ;;215;;45;R;17;;91;V;;TL;XL;;;SPORT CONTACT 2;;;;;;FR;5;;E;B;72;2
4019238231212;03517430000;15984;20;82,75;CONTINENTAL;PNEUS TOURISME ETE;Ete;225/40 R 18   92Y   CONTINENTAL   SPORT CONTACT 2 FR  XL ;;225;;40;R;18;;92;Y;;;XL;;;SPORT CONTACT 2 FR;;;;;;;5;;E;C;72;2
4019238262995;03530110000;16199;20;77,24;CONTINENTAL;PNEUS TOURISME HIVER;Hiver;135/70 R 15   70T   CONTINENTAL   TS 760  ;;135;;70;R;15;;70;T;;;;;;TS 760;;;;;;;5;;G;C;70;2
4019238263008;03530120000;16203;22;65,06;CONTINENTAL;PNEUS TOURISME HIVER;Hiver;145/65 R 15   72T   CONTINENTAL   TS 760  ;;145;;65;R;15;;72;T;;;;;;TS 760;;;;;;;3;;E;C;70;2
4019238192827;03538200000;16206;20;40,82;CONTINENTAL;PNEUS TOURISME HIVER;Hiver;145/70 R 13   71Q   CONTINENTAL   TS 780  ;;145;;70;R;13;;71;Q;;;;;;TS 780;;;;;;;3;;G;C;71;2
4019238192803;03538110000;16218;20;43,74;CONTINENTAL;PNEUS TOURISME HIVER;Hiver;155/80 R 13   79Q   CONTINENTAL   TS 780  ;;155;;80;R;13;;79;Q;;;;;;TS 780;;;;;;;3;;F;C;71;2
4019238200294;03538230000;16229;5;46,65;CONTINENTAL;PNEUS TOURISME HIVER;Hiver;165/70 R 13   79T   CONTINENTAL   TS 780  ;;165;;70;R;13;;79;T;;TL;;;;TS 780;;;;;;;4;;F;C;71;2
4019238263015;03530130000;16238;20;73,01;CONTINENTAL;PNEUS TOURISME HIVER;Hiver;175/55 R 15   77T   CONTINENTAL   TS 760 FR  ;;175;;55;R;15;;77;T;;;;;;TS 760 FR;;;;;;;3;;F;C;70;2
4019238192858;03538250000;16255;4;50,79;CONTINENTAL;PNEUS TOURISME HIVER;Hiver;175/70 R 13   82T   CONTINENTAL   TS 780  ;;175;;70;R;13;;82;T;;;;;;TS 780;;;;;;;3;;F;C;71;2
4019238188646;03536440000;16274;5;74,07;CONTINENTAL;PNEUS TOURISME HIVER;Hiver;185/55 R 15   82T   CONTINENTAL   TS 790 FR ML  ;;185;;55;R;15;;82;T;;TL;;;;TS 790 FR ML;;;;;;;3;;F;C;71;2
4019238208290;03537280000;16424;20;155,09;CONTINENTAL;PNEUS TOURISME HIVER;Hiver;255/40 R 17   98V   CONTINENTAL   TS 790 FR XL ;;255;;40;R;17;;98;V;;;XL;;;TS 790 FR;;;;;;;3;;E;C;73;2
4019238213874;03538590000;16338;3;106,5;CONTINENTAL;PNEUS TOURISME HIVER;Hiver;205/50 R 17   93H   CONTINENTAL   TS 790 FR EL ;;205;;50;R;17;;93;H;;;EL;;;TS 790 FR;;;;;;;3;;E;E;72;2
4038526205643;556657;16725;6;65,28;DUNLOP;PNEUS 4X4 ETE;Ete;175/80 R 16   91S   DUNLOP   GRANDTREK AT2   ;;175;;80;R;16;;91;S;;TL;;;;GRANDTREK AT2;;;;;;;2;;E;F;71;3
4019238213836;03538550000;16396;16;102,41;CONTINENTAL;PNEUS TOURISME HIVER;Hiver;225/60 R 15   96H   CONTINENTAL   TS 790  ;;225;;60;R;15;;96;H;;;;;;TS 790;;;;;;;3;;E;E;71;2
4038526196842;556285;16752;20;81,54;DUNLOP;PNEUS 4X4 ETE;Ete;215/60 R 16   95H   DUNLOP   GRANDTREK ST1;;215;;60;R;16;;95;H;;TL;;;;GRANDTREK ST1;;;;;;;5;;F;C;71;2
4038526214409;557530;16757;3;86,81;DUNLOP;PNEUS 4X4 ETE;Ete;215/65 R 16   98H   DUNLOP   GRANDTREK ST20   ;;215;;65;R;16;;98;H;;TL;;;;GRANDTREK ST20;;;;;;;3;;E;E;70;2
4038526194091;556082;16764;39;78,31;DUNLOP;PNEUS 4X4 ETE;Ete;215/70 R 16   99H   DUNLOP   GRANDTREK ST20 LHD;;215;;70;R;16;;99;H;;TL;;;;GRANDTREK ST20;;;;;;LHD;2;;C;E;70;2
4019238188691;03536540000;16421;4;152,71;CONTINENTAL;PNEUS TOURISME HIVER;Hiver;245/55 R 17   102H   CONTINENTAL   TS 790 FR  ;;245;;55;R;17;;102;H;;;;;;TS 790 FR;;;;;;;3;;E;E;71;2
4038526120670;555849;16769;3;67,42;DUNLOP;PNEUS 4X4 ETE;Ete;215/80 R 15   101S   DUNLOP   GRANDTREK AT2 OWL   ;;215;;80;R;15;;101;S;;TL;;;;GRANDTREK AT2;;;;;;OWL;2;;E;E;74;3
4019238214604;03538630000;16430;19;179,8;CONTINENTAL;PNEUS TOURISME HIVER;Hiver;275/50 R 19   112H   CONTINENTAL   WINTERCONTACT TS 790 M0 FR XL ;;275;;50;R;19;;112;H;;TL;XL;;;WINTERCONTACT TS 790;;;;;;M0 FR;3;;E;C;73;2
4038526228970;558538;16792;20;108,81;DUNLOP;PNEUS 4X4 ETE;Ete;235/55 R 18   99V   DUNLOP   SP SPORT 270   ;;235;;55;R;18;;99;V;;;;;;SP SPORT 270;;;;;;;5;;E;E;71;2
5420005521730;557542;16800;26;90,74;DUNLOP;PNEUS 4X4 ETE;Ete;235/65 R 17   108V   DUNLOP   GRANDTREK PT4000 N0  XL ;;235;;65;R;17;;108;V;;TL;XL;;;GRANDTREK PT4000;;;;;;N0;2;;E;B;70;2
5420005518754;555499;16806;42;122,6;DUNLOP;PNEUS 4X4 HIVER;Hiver;235/65 R 18   110H   DUNLOP   GRANDTREK WT M3 MFS XL;;235;;65;R;18;;110;H;;TL;XL;;;GRANDTREK WT M3;;;;;;MFS;2;;E;E;70;2
5420005518686;555505;16839;4;157,22;DUNLOP;PNEUS 4X4 ETE;Ete;255/55 R 19   111V   DUNLOP   GRANDTREK PT9000 MFS XL;;255;;55;R;19;;111;V;;TL;XL;;;GRANDTREK PT9000;;;;;;MFS;3;;E;C;71;2
4038526206244;556697;16883;20;119,59;DUNLOP;PNEUS 4X4 ETE;Ete;275/55 R 17   109V   DUNLOP   SP SPORT 5000   ;;275;;55;R;17;;109;V;;TL;;;;SP SPORT 5000;;;;;;;2;;F;E;72;2
4038526222312;558002;16885;10;128,11;DUNLOP;PNEUS 4X4 ETE;Ete;275/60 R 18   113H   DUNLOP   GRANDTREK AT23   ;;275;;60;R;18;;113;H;;TL;;;;GRANDTREK AT23;;;;;;;2;;C;E;72;2
4038526224057;558175;16886;2;155,62;DUNLOP;PNEUS 4X4 HIVER;Hiver;275/60 R 18   113Q   DUNLOP   GRANDTREK SJ5   ;;275;;60;R;18;;113;Q;;TL;;;;GRANDTREK SJ5;;;;;;;2;;E;F;76;3
4019238348774;03506050000;L525055;16;176,19;CONTINENTAL;PNEUS TOURISME ETE;Ete;265/35 R 19   94Y   CONTINENTAL   SPORT CONTACT 3  N1   ;;265;;35;R;19;;94;Y;;TL;;;;SPORT CONTACT 3;;;;;;N1;3;;G;A;73;3
4019238348767;03506040000;L525057;20;157,31;CONTINENTAL;PNEUS TOURISME ETE;Ete;265/40 R 18   101Y   CONTINENTAL   SPORT CONTACT 3 FR N1  XL ;;265;;40;R;18;;101;Y;;TL;XL;;;SPORT CONTACT 3;;;;;;FR N1;3;;F;A;74;3
4038526208224;557047;17026;50;80,71;DUNLOP;PNEUS CAMIONNETTE HIVER;Hiver;195/75 R 16   107/105R   DUNLOP   SP LT60   ;;195;;75;R;16;;107/105;R;;;;;;SP LT60;;;;;;;3;;F;C;71;2
4038526228024;558510;17034;20;86,21;DUNLOP;PNEUS CAMIONNETTE HIVER;Hiver;205/65 R 15   102/100T   DUNLOP   SP LT60   ;;205;;65;R;15;;102/100;T;;;;;;SP LT60;;;;;;;2;;F;F;71;2
4038526208231;557048;17036;20;87,74;DUNLOP;PNEUS CAMIONNETTE HIVER;Hiver;205/75 R 16   110/108R   DUNLOP   SP LT60   ;;205;;75;R;16;;110/108;R;;;;;;SP LT60;;;;;;;5;;F;F;71;2
4038526229069;558542;17047;2;89,77;DUNLOP;PNEUS CAMIONNETTE HIVER;Hiver;225/70 R 15   112/115N   DUNLOP   SP LT60   ;;225;;70;R;15;;112/115;N;;;;;;SP LT60;;;;;;;3;;E;C;72;2
4038526217417;511520;18475;54;57,75;DUNLOP;PNEUS TOURISME ETE;Ete;175/60 R 15   81H   DUNLOP   SP SPORT 300;;175;;60;R;15;;81;H;;TL;;;;SP300;;;;;;;2;;C;E;70;2
5420005506102;505895;18510;2;94,83;DUNLOP;PNEUS TOURISME ETE;Ete;185/50 R 16   81V   DUNLOP   SP SPORT 9000 MFS;;185;;50;R;16;;81;V;;TL;;;;SP SPORT 9000;;;;;;MFS;3;;F;A;67;1
3188642315786;505683;18911;26;84,67;DUNLOP;PNEUS TOURISME ETE;Ete;225/50 ZR 16   92W   DUNLOP   SP SPORT 2000E * MFS;;225;;50;ZR;16;;92;W;;TL;;;;SP SPORT 2000E;;;;;;* MFS;2;;E;C;69;2
4038526199270;512179;18923;9;84,33;DUNLOP;PNEUS TOURISME ETE;Ete;225/55 R 16   95V   DUNLOP   SP SPORT 01 * MFS   ;;225;;55;R;16;;95;V;;TL;;;;SP SPORT 01;;;;;;* MFS;2;;E;C;68;1
4038526234520;559005;18985;50;101,46;DUNLOP;PNEUS 4X4 ETE;Ete;235/50 R 18   97V   DUNLOP   SP SPORT 01 *;;235;;50;R;18;;97;V;;TL;;;;SP SPORT 01;;;;;;*;2;;E;B;70;2
4038526216557;511455;19051;10;136,97;DUNLOP;PNEUS TOURISME ETE;Ete;245/45 ZR 19   98Y   DUNLOP   SP SPORT 01  A* MFS   ;;245;;45;ZR;19;;98;Y;;TL;;;;SP SPORT 01  A;;;;;;* MFS;2;;F;C;68;1
4038526233226;558896;19082;20;112,61;DUNLOP;PNEUS TOURISME ETE;Ete;255/45 R 18   99V   DUNLOP   SP SPORT 01 *;;255;;45;R;18;;99;V;;TL;;;;SP SPORT 01;;;;;;* ;5;;F;C;71;2
4038526219534;511712;19115;10;155,78;DUNLOP;PNEUS TOURISME ETE;Ete;275/35 ZR 20   98Y   DUNLOP   SP SPORT 01 A * MFS BM;;275;;35;ZR;20;;98;Y;;TL;;;;SP SPORT 01 A;;;;;;* MFS BM;2;;E;B;70;2
4038526216564;511456;19123;17;143,62;DUNLOP;PNEUS TOURISME ETE;Ete;275/40 ZR 19   101Y   DUNLOP   SP SPORT 01  A * MFS   ;;275;;40;ZR;19;;101;Y;;TL;;;;SP SPORT 01  A;;;;;;* MFS;2;;F;C;69;1
3286344711018;47110;19757;3;317,66;FIRESTONE;POIDS LOURDS ETE;Ete;12 R 22,5   152/148L   FIRESTONE   FD600;;12;;;R;22,5;;152/148;L;;;;;;FD600;;;;;;;4;;F;C;74;3
3286344708711;47087;19769;4;167,56;FIRESTONE;POIDS LOURDS ETE;Ete;215/75 R 17,5   126/124M   FIRESTONE   FD600;;215;;75;R;17,5;;126/124;M;;;;;;FD600;;;;;;;2;;F;C;74;3
3286344107910;41079;19772;11;186,55;FIRESTONE;POIDS LOURDS ETE;Ete;215/75 R 17,5   135J   FIRESTONE   TSP 3000;;215;;75;R;17,5;;135;J;;;;;;TSP 3000;;;;;;;4;;E;C;71;2
3286344709213;47092;19773;8;183,43;FIRESTONE;POIDS LOURDS ETE;Ete;225/75 R 17,5   129/127M   FIRESTONE   FD600;;225;;75;R;17,5;;129/127;M;;;;;;FD600;;;;;;;3;;E;C;72;2
3286344708919;47089;19774;15;175,01;FIRESTONE;POIDS LOURDS ETE;Ete;225/75 R 17,5   129/127M   FIRESTONE   FS400;;225;;75;R;17,5;;129/127;M;;;;;;FS400;;;;;;;4;;D;B;74;3
3286344710516;47105;19776;4;185,74;FIRESTONE;POIDS LOURDS ETE;Ete;235/75 R 17,5   132/130M   FIRESTONE   FD600;;235;;75;R;17,5;;132/130;M;;;;;;FD600;;;;;;;3;;F;C;73;2
3286344710615;47106;19777;4;185,74;FIRESTONE;POIDS LOURDS ETE;Ete;235/75 R 17,5   132/130M   FIRESTONE   FS400;;235;;75;R;17,5;;132/130;M;;;;;;FS400;;;;;;;3;;D;B;75;3
3286344108818;41088;19779;6;191;FIRESTONE;POIDS LOURDS ETE;Ete;235/75 R 17,5   143/141J   FIRESTONE   TSP 3000;;235;;75;R;17,5;;143/141;J;;;;;;TSP 3000;;;;;;;3;;D;D;70;1
3286344121114;41211;19780;6;209,41;FIRESTONE;POIDS LOURDS ETE;Ete;245/70 R 17,5   143/141J   FIRESTONE   TSP 3000;;245;;70;R;17,5;;143/141;J;;;;;;TSP 3000;;;;;;;2;;D;D;71;2
3286344712015;47120;19781;12;211,26;FIRESTONE;POIDS LOURDS ETE;Ete;245/70 R 19,5   136M   FIRESTONE   FD600;;245;;70;R;19,5;;136;M;;;;;;FD600;;;;;;;3;;F;C;74;3
3286344711919;47119;19782;6;211,26;FIRESTONE;POIDS LOURDS ETE;Ete;245/70 R 19,5   136M   FIRESTONE   FS400;;245;;70;R;19,5;;136;M;;;;;;FS400;;;;;;;3;;D;B;72;2
3286344709114;47091;19785;8;216,48;FIRESTONE;POIDS LOURDS ETE;Ete;265/70 R 19,5   140/138M   FIRESTONE   FD600;;265;;70;R;19,5;;140/138;M;;;;;;FD600;;;;;;;3;;E;C;72;2
3286344709015;47090;19786;6;216,48;FIRESTONE;POIDS LOURDS ETE;Ete;265/70 R 19,5   140/138M   FIRESTONE   FS400;;265;;70;R;19,5;;140/138;M;;;;;;FS400;;;;;;;3;;D;B;74;3
3286344120810;41208;19789;4;209,54;FIRESTONE;POIDS LOURDS 4 SAISONS;Quatre saisons;265/70 R 19,5   143J   FIRESTONE   TMP 3000;;265;;70;R;19,5;;143;J;;;;;;TMP 3000;;;;;;;3;;E;C;73;2
3286344121015;41210;19790;4;219,38;FIRESTONE;POIDS LOURDS ETE;Ete;265/70 R 19,5   143/141J   FIRESTONE   TSP 3000;;265;;70;R;19,5;;143/141;J;;;;;;TSP 3000;;;;;;;3;;D;B;70;1
3286344123613;41236;19799;4;279,54;FIRESTONE;POIDS LOURDS ETE;Ete;285/70 R 19,5   150/148J   FIRESTONE   TSP 3000;;285;;70;R;19,5;;150/148;J;;;;;;TSP 3000;;;;;;;3;;C;C;70;1
3286344120117;41201;19822;49;409,04;FIRESTONE;POIDS LOURDS ETE;Ete;425/65 R 22,5   165K   FIRESTONE   TSP 3000;;425;;65;R;22,5;;165;K;;;;;;TSP 3000;;;;;;;4;;C;D;70;1
3286344711810;47118;19836;10;175,15;FIRESTONE;POIDS LOURDS ETE;Ete;9.5 R 17,5   129M   FIRESTONE   FD600;;9.5;;;R;17,5;;129;M;;;;;;FD600;;;;;;;4;;F;C;72;2
3286344711711;47117;19837;43;175,65;FIRESTONE;POIDS LOURDS ETE;Ete;9.5 R 17,5   129M   FIRESTONE   FS400;;9.5;;;R;17,5;;129;M;;TL;;;;FS400;;;;;;;4;;E;B;74;3
3286344108719;41087;19838;8;175,39;FIRESTONE;POIDS LOURDS ETE;Ete;9.5 R 17,5   143/141J   FIRESTONE   TSP 3000;;9.5;;;R;17,5;;143/141;J;;;;;;TSP 3000;;;;;;;4;;C;D;72;2
3286340452410;4524;20213;4;55,06;FIRESTONE;PNEUS TOURISME HIVER;Hiver;195/65 R 14   89T   FIRESTONE   FW930;;195;;65;R;14;;89;T;;;;;;FW930;;;;;;;3;;F;C;71;2
3286340467414;4674;20218;6;58,56;FIRESTONE;PNEUS TOURISME HIVER;Hiver;195/65 R 15   91T   FIRESTONE   WINHAWK;;195;;65;R;15;;91;T;;TL;;;;WINHAWK;;;;;;;2;;;;0;0
5452000964175;558167;20491;50;74,03;GOODYEAR;PNEUS 4X4 ETE;Ete;235/70 R 16   106H   GOOD YEAR   WRANGLER HP ALL WEATHER FP;;235;;70;R;16;;106;H;;TL;;;;WRANGLER HP ALL WEATHER ;;;;;;FP;2;;E;E;71;2
5452000961747;558096;20505;9;81,24;GOODYEAR;PNEUS 4X4 ETE;Ete;255/65 R 16   109H   GOOD YEAR   WRANGLER HP ALL WEATHER ;;255;;65;R;16;;109;H;;TL;;;;WRANGLER HP ALL WEATHER ;;;;;;;2;;E;C;70;2
5452000965783;558278;20515;9;126,58;GOODYEAR;PNEUS 4X4 ETE;Ete;275/60 R 18   113H   GOOD YEAR   WRANGLER HP ALL WEATHER  ;;275;;60;R;18;;113;H;;TL;;;;WRANGLER HP ALL WEATHER  ;;;;;;;2;;E;C;72;2
5452000946607;557110;11797;20;100,58;GOODYEAR;PNEUS CAMIONNETTE ETE;Ete;215/65 R 16   106T   GOOD YEAR   MARATHON;;215;;65;R;16;;106;T;;;;;;MARATHON;;;;;;;3;;C;B;71;2
3398914799972;550190;20971;8;253,33;GOODYEAR;POIDS LOURDS ETE;Ete;10 R 17,5   134M   GOODYEAR   G291;;10;;;R;17,5;;134;M;;TL;;;;G291;;;;;;;3;;D;B;73;2
5452000975201;558924;20993;43;305,54;GOODYEAR;POIDS LOURDS ETE;Ete;11 R 22.5   148J/146L   GOODYEAR   MARATHON LHT;;11;;;R;22,5;;148;J;;;;;;MARATHON LHT;;;;;;;3;;C;C;68;1
5452000299437;554921;21011;4;330,76;GOODYEAR;POIDS LOURDS 4 SAISONS;Quatre saisons;12.00 R 20   154/150G   GOODYEAR   OFFROAD ORD TT;;12.00;;;R;20;;154/150;G;;TT;;;;OFFROAD ORD;;;;;;;3;;E;B;76;3
5452000920270;555771;21194;2;202,25;GOODYEAR;POIDS LOURDS ETE;Ete;8.5 R 17,5   121M   GOODYEAR   REGIONAL RHD;;8.5;;;R;17,5;;121;M;;TL;;;;REGIONAL RHD;;;;;;;3;;E;C;73;2
5452000977045;513431;21732;28;68,35;GOODYEAR;PNEUS TOURISME ETE;Ete;205/55 R 16   91V   GOOD YEAR   EAGLE NCT5 * EMT;;205;;55;R;16;;91;V;;TL;;;;EAGLE NCT5;;EMT;;;;*;2;;F;C;69;2
5452000968715;512571;21763;10;71,5;GOODYEAR;PNEUS TOURISME ETE;Ete;215/40 ZR 17   83Y   GOODYEAR   EAGLE F1 GS-D3;;215;;40;ZR;17;;83;Y;;TL;;;;EAGLE F1 GS-D3;;;;;;;2;;F;B;66;1
5452000971210;558648;21811;10;101,4;GOODYEAR;PNEUS 4X4 ETE;Ete;235/55 R 18   100V   GOOD YEAR   EAGLE RS-A;;235;;55;R;18;;100;V;;TL;;;;EAGLE RS-A;;;;;;;2;;C;C;71;2
5452000928825;509481;21994;50;54,77;GOODYEAR;PNEUS TOURISME HIVER;Hiver;195/50 R 15   82H   GOOD YEAR   ULTRAGRIP GW3;;195;;50;R;15;;82;H;;TL;;;;ULTRAGRIP GW3;;;;;;;2;;E;E;66;1
5452000954176;511471;22029;20;76,76;GOODYEAR;PNEUS TOURISME HIVER;Hiver;205/45 R 16   83H   GOOD YEAR   ULTRAGRIP GW3;;205;;45;R;16;;83;H;;TL;;;;ULTRAGRIP GW3;;;;;;;2;;E;C;68;1
5452000931962;509610;22031;10;89,7;GOODYEAR;PNEUS TOURISME HIVER;Hiver;205/50 R 16   87H   GOOD YEAR   ULTRAGRIP GW3;;205;;50;R;16;;87;H;;TL;;;;ULTRAGRIP GW3;;;;;;;3;;F;C;68;1
3528701620282;162028;22429;11;80,04;BF GOODRICH;PNEUS TOURISME ETE;Ete;145/80 R 13   75T   BF GOODRICH   TOURING;;145;;80;R;13;;75;T;;;;;;TOURING;;;;;;;3;;F;C;70;2
3528701620329;162032;22431;16;127,79;BF GOODRICH;PNEUS TOURISME ETE;Ete;155/70 R 13   75T   BF GOODRICH   TOURING;;155;;70;R;13;;75;T;;;;;;TOURING;;;;;;;3;;F;C;70;2
3528701620299;162029;22432;20;73;BF GOODRICH;PNEUS TOURISME ETE;Ete;155/80 R 13   79T   BF GOODRICH   TOURING;;155;;80;R;13;;79;T;;;;;;TOURING;;;;;;;5;;F;C;70;2
3528701620381;162038;22438;6;52,35;BF GOODRICH;PNEUS TOURISME ETE;Ete;175/65 R 13   80T   BF GOODRICH   TOURING;;175;;65;R;13;;80;T;;;;;;TOURING;;;;;;;3;;F;C;70;2
3528704687527;468752;Z901461;5;176,26;MICHELIN;PNEUS TOURISME HIVER;Hiver;255/45 R 19   100V   MICHELIN   PILOT ALPIN PA4 N1   ;;255;;45;R;19;;100;V;;TL;;;;PILOT ALPIN PA4;;;;;;N1;3;;C;C;71;2
8808563263502;3001252;22766;4;349,49;HANKOOK;POIDS LOURDS ETE;Ete;13 R 22,5   154/150K   HANKOOK   DM04;;13;;;R;22,5;;254/150;K;;TL;;;;DM04;;;;;;;3;;;;0;0
3528701619910;161991;23732;20;38,28;KLEBER;PNEUS TOURISME ETE;Ete;135/80 R 13   70T   KLEBER   VIAXER;;135;;80;R;13;;70;T;;;;;;VIAXER;;;;;;;3;;F;C;68;2
3528701619927;161992;23741;47;40,83;KLEBER;PNEUS TOURISME ETE;Ete;145/80 R 13   75T   KLEBER   VIAXER;;145;;80;R;13;;75;T;;;;;;VIAXER;;;;;;;3;;F;C;68;2
3528701619606;161960;23746;42;39,15;KLEBER;PNEUS TOURISME ETE;Ete;155/65 R 13   73T   KLEBER   VIAXER;;155;;65;R;13;;73;T;;TL;;;;VIAXER;;;;;;;3;;F;C;68;2
3528701618968;161896;23752;20;42,55;KLEBER;PNEUS TOURISME ETE;Ete;155/70 R 13   75T   KLEBER   VIAXER;;155;;70;R;13;;75;T;;TL;;;;VIAXER;;;;;;;5;;F;C;68;2
3528701619095;161909;23754;50;42,23;KLEBER;PNEUS TOURISME ETE;Ete;155/80 R 13   79T   KLEBER   VIAXER;;155;;80;R;13;;79;T;;;;;;VIAXER;;;;;;;3;;F;C;68;2
3528701618999;161899;23760;3;47,06;KLEBER;PNEUS TOURISME ETE;Ete;165/65 R 13   77T   KLEBER   VIAXER;;165;;65;R;13;;77;T;;TL;;;;VIAXER;;;;;;;3;;F;C;68;2
3528701618975;161897;23767;20;41,5;KLEBER;PNEUS TOURISME ETE;Ete;165/70 R 13   79T   KLEBER   VIAXER;;165;;70;R;13;;79;T;;TL;;;;VIAXER;;;;;;;5;;F;C;68;2
3528701615240;161524;23791;20;41,96;KLEBER;PNEUS TOURISME ETE;Ete;175/70 R 13   82T   KLEBER   VIAXER;;175;;70;R;13;;82;T;;TL;;;;VIAXER;;;;;;;3;;F;C;68;2
3528707552983;755298;24149;19;44,22;KORMORAN;PNEUS TOURISME ETE;Ete;165/70 R 14   81T   KORMORAN   IMPULSER B;;165;;70;R;14;;81;T;;;;;;IMPULSER B;;;;;;;3;;F;C;70;2
3528701794495;179449;24158;36;41,36;KORMORAN;PNEUS TOURISME ETE;Ete;185/65 R 14   86T   KORMORAN   IMPULSER B;;185;;65;R;14;;86;T;;;;;;IMPULSER B;;;;;;;3;;F;C;70;2
3286340103619;1036;L524360;20;95,64;BRIDGESTONE;PNEUS CAMIONNETTE ETE;Ete;205/65 R 16   107R105R   BRIDGESTONE   R630;;205;;65;R;16;;107R105;R;;;;;;R630;;;;;;;5;;E;C;71;2
3528709153157;915315;24877;7;89,61;MICHELIN;PNEUS CAMIONNETTE ETE;Ete;195/65 R 16   100/98T   MICHELIN   AGILIS 51;;195;;65;R;16;;100/98;T;;TL;;;;AGILIS 51;;;;;;;2;;C;A;72;2
4019238259940;03520470000;L525060;50;161,46;CONTINENTAL;PNEUS TOURISME ETE;Ete;275/40 R 19   101Y   CONTINENTAL   SPORT CONTACT 2 FR MO   ;;275;;40;R;19;;101;Y;;TL;;;;SPORT CONTACT 2;;;;;;FR M0;2;;F;B;72;2
4981910842736;16820180;109462;7;64,27;TOYO;PNEUS CAMIONNETTE ETE;Ete;175/75 R 16   101S   TOYO   H08;;175;;75;R;16;;101;S;;TL;;;;H08;;;;;;;2;;F;E;71;2
3528701101484;110148;25710;4;634,04;MICHELIN;POIDS LOURDS 4 SAISONS;Quatre saisons;10.00 R 20   146K   MICHELIN   XZL TT;;10.00;;;R;20;;146;K;;TT;;;;XZL;;;;;;;4;;;;0;0
3528701094816;109481;25712;2;331,97;MICHELIN;POIDS LOURDS ETE;Ete;10 R 17,5   134L   MICHELIN   XZA;;10;;;R;17,5;;134;L;;;;;;XZA;;;;;;;4;;D;C;66;1
3528701102498;110249;25717;8;435,02;MICHELIN;POIDS LOURDS ETE;Ete;10 R 22,5   144K   MICHELIN   XZY;;10;;;R;22,5;;144;K;;TL;;;;XZY;;;;;;;2;;D;B;69;1
4981910840138;16228842;109469;50;54,33;TOYO;PNEUS CAMIONNETTE ETE;Ete;185 R 14   102/100S   TOYO   H08;;185;;;R;14;;102/100;S;;TL;;;;H08;;;;;;;3;;E;E;71;2
4981910848660;18030144;109474;4;55,07;TOYO;PNEUS TOURISME ETE;Ete;185/50 R 16   81V   TOYO   PROXES T1R  ;;185;;50;R;16;;81;V;;TL;;;;PROXES T1R;;;;;;;2;;F;C;70;2
4981910401483;14890300;109482;50;48,65;TOYO;PNEUS TOURISME ETE;Ete;185/55 R 15   82V   TOYO   PROXES T1R  ;;185;;55;R;15;;82;V;;TL;;;;PROXES T1R;;;;;;;3;;F;C;70;2
3528701108117;110811;25765;2;451,33;MICHELIN;POIDS LOURDS ETE;Ete;12 R 22,5   152K   MICHELIN   XZY2;;12;;;R;22,5;;152;K;;;;;;XZY2;;;;;;;2;;D;B;69;1
3528701233574;123357;25783;8;1710,31;MICHELIN;POIDS LOURDS 4 SAISONS;Quatre saisons;16.00 R 20   L   MICHELIN   XZL LRM;;16.00;;;R;20;;;L;;;;;;XZL LRM;;;;;;;4;;;;0;0
3286340680516;6805;Z921590;20;45,99;FIRESTONE;PNEUS TOURISME HIVER;Hiver;175/65 R 14   82T   FIRESTONE   WINTERHAWK 3;;175;;65;R;14;;82;T;;TL;;;;WINTERHAWK 3;;;;;;;5;;E;C;71;2
3528708970960;897096;25839;2;304,66;MICHELIN;POIDS LOURDS ETE;Ete;265/70 R 19,5   143/141J   MICHELIN   XTY2;;265;;70;R;19,5;;143/141;J;;;;;;XTY2;;;;;;;2;;D;B;70;1
3528700252156;025215;25851;16;408,56;MICHELIN;POIDS LOURDS ETE;Ete;275/70 R 22,5   148/145J   MICHELIN   XTY2;;275;;70;R;22,5;;148/145;J;;;;;;XTY2;;;;;;;4;;D;B;70;1
3528701065786;106578;25872;27;371,33;MICHELIN;POIDS LOURDS ETE;Ete;285/70 R 19,5   150/148J   MICHELIN   XTE 2;;285;;70;R;19,5;;150/148;J;;;;;;XTE 2;;;;;;;3;;C;B;69;1
3528700845310;084531;25909;2;447,7;MICHELIN;POIDS LOURDS ETE;Ete;305/70 R 19,5   147/145M   MICHELIN   XZE 2+;;305;;70;R;19,5;;147/145;M;;TL;;;;XZE 2+;;;;;;;2;;D;B;68;1
3528701115481;111548;25950;3;486,99;MICHELIN;POIDS LOURDS HIVER;hiver;315/80 R 22,5   156L   MICHELIN   XDW ICE GRIP;;315;;80;R;22,5;;156;L;;;;;;XDW ICE GRIP;;;;;;;2;;E;C;72;1
3528701100814;110081;25964;2;539,17;MICHELIN;POIDS LOURDS 4 SAISONS;Quatre saisons;365/80 R 20   152K   MICHELIN   XZL MPT;;365;;80;R;20;;152;K;;;;;;XZL MPT;;;;;;;2;;;;0;0
3528701093741;109374;25967;6;881,15;MICHELIN;POIDS LOURDS 4 SAISONS;Quatre saisons;365/85 R 20   164G   MICHELIN   XZL;;365;;85;R;20;;164;G;;;;;;XZL;;;;;;;2;;;;0;0
3528709521536;952153;25979;12;444,65;MICHELIN;POIDS LOURDS ETE;Ete;385/65 R 22,5   160K   MICHELIN   XZY 3 (158L);;385;;65;R;22,5;;160;K;;TL;;;;XZY 3;;;;;;(158L);2;;C;B;73;2
3528701100135;110013;25982;6;900,3;MICHELIN;POIDS LOURDS 4 SAISONS;Quatre saisons;395/85 R 20   168G   MICHELIN   XZL;;395;;85;R;20;;168;G;;;;;;XZL;;;;;;;3;;;;0;0
3528701104591;110459;25985;5;643,11;MICHELIN;POIDS LOURDS ETE;Ete;425/65 R 22,5   165K   MICHELIN   XTE 2;;425;;65;R;22,5;;165;K;;;;;;XTE 2;;;;;;;4;;C;B;69;1
3528705400200;540020;25999;2;645,54;MICHELIN;POIDS LOURDS ETE;Ete;445/65 R 22,5   169K   MICHELIN   XZY3;;445;;65;R;22,5;;169;K;;;;;;XZY3;;;;;;;2;;D;B;73;2
3528701101644;110164;26011;2;251,89;MICHELIN;POIDS LOURDS ETE;Ete;7.50 R 15   135G   MICHELIN   XTA TT;;7.50;;;R;15;;135;G;;TT;;;;XTA;;;;;;;2;;D;B;66;1
3528701105130;110513;26013;19;284,92;MICHELIN;POIDS LOURDS ETE;Ete;7.50 R 16   122L   MICHELIN   XZY*;;7.50;;;R;16;;122;L;;;;;;XZY*;;;;;;;2;;E;B;69;1
3528701101309;110130;26023;19;298,09;MICHELIN;POIDS LOURDS ETE;Ete;8.25 R 15   143G   MICHELIN   XTA TT;;8.25;;;R;15;;143;G;;TT;;;;XTA;;;;;;;2;;C;B;66;1
3528701161150;116115;26028;3;174;MICHELIN;POIDS LOURDS ETE;Ete;8.5 R 17,5   121L   MICHELIN   XZT;;8.5;;;R;17,5;;121;L;;;;;;XZT;;;;;;;4;;F;C;72;2
3528701109398;110939;26041;6;284,65;MICHELIN;POIDS LOURDS ETE;Ete;9.5 R 17,5   143J   MICHELIN   XTE2;;9.5;;;R;17,5;;143;J;;;;;;XTE2;;;;;;;2;;C;B;67;1
3528701098906;109890;26044;12;287;MICHELIN;POIDS LOURDS ETE;Ete;9.5 R 17,5   129L   MICHELIN   XZY;;9.5;;;R;17,5;;129;L;;;;;;XZY;;;;;;;4;;D;C;69;1
3528701047218;104721;26247;4;38,04;MICHELIN;MOTO SCOOTERS;Ete;110/80 - 10   58J   MICHELIN   S1 TL/TT;;110;;80;-;10;;58;J;;TL;;;;S1;;;;;;;2;;-;-;-;-
3528700571042;057104;26270;50;38,99;MICHELIN;MOTO SCOOTERS;Ete;120/90 - 10   57J   MICHELIN   REGGAE;;120;;90;-;10;;57;J;;TL;;;;REGGAE;;;;;;;3;;-;-;-;-
3528700570304;057030;26271;47;38,99;MICHELIN;MOTO SCOOTERS;Ete;120/90 - 10   57L   MICHELIN   BOPPER TL/TT;;120;;90;-;10;;57;L;;TL;;;;BOPPER;;;;;;;3;;-;-;-;-
3528701046471;104647;26290;50;40,81;MICHELIN;MOTO SCOOTERS;Ete;130/90 - 10   61J   MICHELIN   REGGAE;;130;;90;-;10;;61;J;;TL;;;;REGGAE;;;;;;;3;;-;-;-;-
3528700570311;057031;26291;37;40,08;MICHELIN;MOTO SCOOTERS;Ete;130/90 - 10   61L   MICHELIN   BOPPER TL/TT;;130;;90;-;10;;61;L;;TL;;;;BOPPER;;;;;;;3;;-;-;-;-
3528703663140;366314;26306;20;36,06;MICHELIN;MOTO SCOOTERS;Ete;2.75 - 9   35J   MICHELIN   ACS TT;;2.75;;;-;9;;35;J;;TT;;;;ACS;;;;;;;3;;-;-;-;-
3528700572377;057237;26316;3;34,67;MICHELIN;MOTO SCOOTERS;Ete;3.50 - 8   46J   MICHELIN   S83 TT;;3.50;;;-;8;;46J;;;TT;;;;S83;;;;;;;2;;-;-;-;-
3528701047201;104720;26322;2;37,3;MICHELIN;MOTO SCOOTERS;Ete;90/90 - 10   50J   MICHELIN   S1  TL/TT;;90;;90;-;10;;50;J;;TL;;;;S1;;;;;;;2;;-;-;-;-
-------------;4866;L781203;3;312,93;MICHELIN;PNEUS TOURISME COLLECTION;Ete;5.50 - 15  ENGLEBERT ;;5,5;;;X;15;;;;;;;;;ENGLEBERT;;;;;;;1;;;;;
3528701361420;136142;26550;13;45,84;MICHELIN;PNEUS TOURISME ETE;Ete;145/60 R 13   65T   MICHELIN   COMPACT;;145;;60;R;13;;65;T;;TL;;;;COMPACT;;;;;;;3;;C;B;69;2
3528702252161;225216;27001;20;161,78;MICHELIN;PNEUS TOURISME ETE;Ete;245/40 R 20   95Y   MICHELIN   PRIMACY *   ;;245;;40;R;20;;95;Y;;TL;;;;PRIMACY;;;;;;*;3;;F;C;70;2
3528702476314;247631;27023;25;147,69;MICHELIN;PNEUS TOURISME ETE;Ete;245/45 R 19   98Y   MICHELIN   PRIMACY *   ;;245;;45;R;19;;98;Y;;TL;;;;PRIMACY;;;;;;*;2;;F;C;72;3
3528701365244;136524;27026;6;132,81;MICHELIN;PNEUS TOURISME ETE;Ete;245/50 R 18   100W   MICHELIN   PILOT PRIMACY *   ;;245;;50;R;18;;100;W;;TL;;;;PILOT PRIMACY;;;;;;*;2;;E;C;69;2
3528707620637;762063;27032;14;221,55;MICHELIN;PNEUS TOURISME ETE;Ete;255/30 ZR 22   95Y   MICHELIN   PILOT SPORT PS2 XL ;;255;;30;ZR;22;;95;Y;;TL;XL;;;PILOT SPORT PS2 ;;;;;;;3;;E;A;70;1
3528703434382;343438;27086;50;162,99;MICHELIN;PNEUS TOURISME ETE;Ete;275/35 R 20   98Y   MICHELIN   PRIMACY *   ;;275;;35;R;20;;98;Y;;TL;;;;PRIMACY;;;;;;*;3;;F;C;72;2
3528709497299;949729;27095;20;210,87;MICHELIN;PNEUS TOURISME ETE;Ete;275/40 R 19   101Y   MICHELIN   PRIMACY *   ;;275;;40;R;19;;101;Y;;TL;;;;PRIMACY;;;;;;*;5;;F;C;72;2
3528701259932;125993;27113;20;246,21;MICHELIN;PNEUS TOURISME ETE;Ete;295/25 ZR 22   97Y   MICHELIN   PILOT SPORT PS2 XL ;;295;;25;ZR;22;;97;Y;;TL;XL;;;PILOT SPORT PS2 ;;;;;;;3;;E;A;74;2
3528705377090;537709;27350;2;190,95;MICHELIN;PNEUS TOURISME HIVER;Hiver;265/35 R 18   97V   MICHELIN   PILOT ALPIN PA2 XL;;265;;35;R;18;;97;V;;TL;XL;;;PILOT ALPIN PA2;;;;;;;3;;E;E;74;3
8019227150377;1503700;27556;20;114,85;PIRELLI;PNEUS 4X4 ETE;Ete;235/50 R 18   97H   PIRELLI   SCORPION STR * ;;235;;50;R;18;;97;H;;TL;;;;SCORPION STR;;;;;; *;5;;E;C;71;2
8019227139518;1395100;27557;2;102,01;PIRELLI;PNEUS 4X4 ETE;Ete;235/55 R 17   99H   PIRELLI   SCORPION STR * FSL;;235;;55;R;17;;99;H;;TL;;;;SCORPION STR;;;;;;RB *;3;;E;C;71;2
8019227146301;1463000;28866;6;76,4;PIRELLI;PNEUS TOURISME ETE;Ete;215/45 ZR 17   91Y   PIRELLI   P ZERO NERO  XL ;;215;;45;ZR;17;;91;Y;;TL;XL;;;P ZERO NERO;;;;;;;2;;E;B;72;2
8019227149616;1496100;28904;4;160,73;PIRELLI;PNEUS TOURISME COMPETITION;Ete;225/35 ZR 19   (84Y)   PIRELLI  P ZERO CORSA DIREZIONALE FSL;;225;;35;ZR;19;;84;Y;;TL;;;;P ZERO CORSA DIREZIONALE;;;;;;;2;;F;A;71;2
8019227146141;1461400;28906;20;147,48;PIRELLI;PNEUS TOURISME ETE;Ete;225/35 ZR 19   (84Y)   PIRELLI   P ZERO ROSSO DIREZIONALE FSL;;225;;35;ZR;19;;84;Y;;TL;;;;P ZERO ROSSO DIREZIONALE;;;;;;FSL;3;;E;B;71;2
8019227148664;1486600;29005;37;154,23;PIRELLI;PNEUS TOURISME ETE;Ete;245/45 R 19   98Y   PIRELLI   P ZERO ROSSO *;;245;;45;R;19;;98;Y;;TL;;;;P ZERO ROSSO;;;;;;*;3;;E;B;71;2
8019227151855;1518500;29012;2;125,51;PIRELLI;PNEUS TOURISME ETE;Ete;255/35 ZR 19   (96Y)   PIRELLI   P ZERO ROSSO (A0) FSL XL ;;255;;35;ZR;19;;96;Y;;TL;XL;;;P ZERO ROSSO;;;;;;A0 FSL;2;;E;B;73;2
8019227148671;1486700;29051;13;206,52;PIRELLI;PNEUS TOURISME ETE;Ete;275/40 R 19   101Y   PIRELLI   P ZERO ROSSO  *  ;;C1;;40;R;19;;101;Y;;TL;;;;P ZERO ROSSO;;;;;;*;3;;E;B;72;2
4024068280859;03623410000;29622;2;71,66;UNIROYAL;PNEUS 4X4 ETE;Ete;235/75 R 15   109T   UNIROYAL   RALLY 4X4 STREET  XL ;;235;;75;R;15;;109;T;;;XL;;;RALLY 4X4 STREET;;;;;;;3;;E;C;72;2
4024068280965;03623520000;29624;12;77,04;UNIROYAL;PNEUS 4X4 ETE;Ete;255/65 R 16   109H   UNIROYAL   RALLY 4X4 STREET   ;;255;;65;R;16;;109;H;;;;;;RALLY 4X4 STREET;;;;;;;3;;F;C;72;2
4024068280880;03623440000;29626;20;84,23;UNIROYAL;PNEUS 4X4 ETE;Ete;265/70 R 15   112H   UNIROYAL   RALLY 4X4 STREET   ;;265;;70;R;15;;112;H;;;;;;RALLY 4X4 STREET;;;;;;;5;;E;C;72;2
4024068201540;04529680000;29648;8;49,64;UNIROYAL;PNEUS CAMIONNETTE ETE;Ete;185/75 R 14   102/100Q   UNIROYAL   RAIN MAX;;185;;75;R;14;;102/100;Q;;;;;;RAIN MAX;;;;;;;2;;C;C;72;2
4024068115458;03620740000;29748;4;46,33;UNIROYAL;PNEUS TOURISME ETE;Ete;175/80 R 13   86T   UNIROYAL   R380;;175;;80;R;13;;86;T;;;;;;R380;;;;;;;3;;E;B;71;3
4024068219255;04519270000;29842;50;48,7;UNIROYAL;PNEUS TOURISME ETE;Ete;195/70 R 15   97T   UNIROYAL   RAIN MAX RF;;195;;70;R;15;;97;T;;;RF;;;RAIN MAX;;;;;;;3;;C;C;71;2
4024068219309;04519280000;29880;19;58,59;UNIROYAL;PNEUS TOURISME ETE;Ete;205/65 R 15   99T   UNIROYAL   RAIN MAX RF;;205;;65;R;15;;99;T;;;RF;;;RAIN MAX;;;;;;;2;;C;C;71;2
4981910875826;16228826;109512;20;53,2;TOYO;PNEUS TOURISME ETE;Ete;185/70 R 14   88H   TOYO   TEO+;;185;;70;R;14;;88;H;;TL;;;;TEO+;;;;;;;5;;F;E;68;2
4981910842750;16830143;109518;12;62,86;TOYO;PNEUS CAMIONNETTE ETE;Ete;185/75 R 16   104S   TOYO   H08;;185;;75;R;16;;104;S;;TL;;;;H08;;;;;;;2;;F;E;71;2
4981910844501;16510157;109528;29;52,97;TOYO;PNEUS TOURISME ETE;Ete;195/45 R 14   77V   TOYO   PROXES T1R  ;;195;;45;R;14;;77;V;;TL;;;;PROXES T1R;;;;;;;1;;F;C;70;2
4981910402039;16140163;109531;50;47,71;TOYO;PNEUS TOURISME ETE;Ete;195/45 R 15   78V   TOYO   PROXES T1R  ;;195;;45;R;15;;78;V;;TL;;;;PROXES T1R;;;;;;;2;;F;C;70;2
4981910401636;17430351;109532;50;53,55;TOYO;PNEUS TOURISME ETE;Ete;195/45 R 16   80V   TOYO   PROXES T1R  ;;195;;45;R;16;;80;V;;TL;;;;PROXES T1R;;;;;;;3;;F;C;70;2
4981910828297;13591059;109537;50;41,25;TOYO;PNEUS TOURISME ETE;Ete;195/50 R 15   82V   TOYO   PROXES T1R  ;;195;;50;R;15;;82;V;;TL;;;;PROXES T1R;;;;;;;3;;F;C;70;2
4981910401575;15500522;109540;6;63,88;TOYO;PNEUS TOURISME ETE;Ete;195/50 R 16   84V   TOYO   PROXES T1R  ;;195;;50;R;16;;84;V;;TL;;;;PROXES T1R;;;;;;;2;;F;C;70;2
4981910832102;14120246;109542;5;61,15;TOYO;PNEUS TOURISME ETE;Ete;195/55 R 14   82V   TOYO   PROXES T1R  ;;195;;55;R;14;;82;V;;TL;;;;PROXES T1R;;;;;;;3;;F;C;70;2
3999900179138;;L906367;12;93,26;MICHELIN;PNEUS 4X4 ETE;Ete;225/65 R 17   101S   MICHELIN   ENERGY LX 4 ;;225;;65;R;17;;101;S;;TL;;;;ENERGY LX 4 ;;;;;;;3;;C;E;71;2
;;L906368;35;59,78;MICHELIN;PNEUS TOURISME ETE;Ete;185/55 R 15   82H   MICHELIN   ENERGY SAVER+  Demo ;;185;;55;R;15;;82;H;;TL;;;;ENERGY SAVER+  Demo ;;;;;;;3;;C;A;68;2
3528707512888;751288;95945;20;43,75;KORMORAN;PNEUS TOURISME ETE;Ete;185/65 R 15   88T   KORMORAN   IMPULSER B;;185;;65;R;15;;88;T;;;;;;IMPULSER B;;;;;;;5;;F;C;70;2
8019227184204;;L906373;36;100,49;PIRELLI;PNEUS CAMIONNETTE 4 SAISONS;Quatre saisons;215/75 R 16   113R   PIRELLI   CHRONO 4 SEASONS ;;215;;75;R;16;;113;R;;TL;;;;CHRONO 4 SEASONS ;;;;;;;3;;F;E;73;2
8019227192971;1929700;Z1121623;20;89,98;PIRELLI;PNEUS CAMIONNETTE 4 SAISONS;Quatre saisons;225/70 R 15   112S   PIRELLI   CHRONO 4 SEASONS ;;225;;70;R;15;;112;S;;TL;;;;CHRONO 4 SEASONS ;;;;;;;3;;F;E;73;2
8019227195736;;L906380;20;194,47;PIRELLI;PNEUS TOURISME ETE;Ete;245/45 R 19   102H   PIRELLI   NERO ALL SEASON (J)  XL;;245;;45;R;19;;102;H;;TL;XL;;;NERO ALL SEASON (J) ;;;;;;;5;;C;C;72;2
8019227219036;2190300;Z1147548;15;134,88;PIRELLI;PNEUS 4X4 4 SAISONS;Quatre saisons;265/65 R 17   112H   PIRELLI   SCORPION VERDE ALL SEASON FSL;;265;;65;R;17;;112;H;;TL;;;;SCORPION VERDE ALL SEASON ;;;;;;;3;;E;C;71;2
8019227153071;1530700;Z818668;5;79,65;METZELER;MOTO ROUTE;Ete;110/90 V 18   M/C 61V   METZELER   LASERTEC ;;110;;90;V;18;;61;V;;TL;;;;LASERTEC;;;;;;;2;;-;-;-;-
8019227160697;1606900;Z818669;2;104,79;METZELER;MOTO ROUTE;Ete;120/70 ZR 18   M/C 59W   METZELER   ME 880 MARATHON;;120;;70;ZR;18;;59;W;;TL;;;;ME 880 MARATHON;;;;;;;2;;-;-;-;-
3286340175319;1753;L635593;19;61,79;BRIDGESTONE;PNEUS TOURISME ETE;Ete;175/55 R 15   77T   BRIDGESTONE   B250   ;;175;;55;R;15;;77;T;;TL;;;;B250;;;;;;;3;;F;B;70;2
4019238237245;03546310000;42127;42;144,73;CONTINENTAL;PNEUS 4X4 ETE;Ete;275/45 R 19   108Y   CONTINENTAL   4X4 SPORT CONTACT FR N0  XL ;;275;;45;R;19;;108;Y;;;XL;;;4X4 SPORT CONTACT FR N0;;;;;;;3;;G;B;72;2
4019238265699;04713560000;42162;19;117,92;CONTINENTAL;PNEUS CAMIONNETTE ETE;Ete;205/65 R 16   107/105T   CONTINENTAL   VANCO CONTACT   ;;205;;65;R;16;;107/105;T;;;;;;VANCO CONTACT;;;;;;;3;;C;B;72;2
5420068602551;;108007;50;53,16;MINERVA;PNEUS CAMIONNETTE HIVER;Hiver;185 R 14   102Q   MINERVA   S-110;;185;;;R;14;;102;Q;;TL;;;;S-110;;;;;;;3;;;;;
4024064444668;9527;Z852605;20;68,32;GISLAVED;PNEUS CAMIONNETTE HIVER;Hiver;185 R 14   102/100Q   GISLAVED   NORD*FROST VAN;;185;;;R;14;;102/100;Q;;TL;;;;NORD*FROST VAN;;;;;;;5;;E;C;73;2
8019227157383;1573800;48736;50;78,77;PIRELLI;PNEUS TOURISME ETE;Ete;215/50 R 17   91W   PIRELLI   P7 CINTURATO;;215;;50;R;17;;91;W;;TL;;;;P7 CINTURATO;;;;;;;3;;F;C;72;3
5420068620944;;S907907;20;39,16;IMPERIAL;PNEUS CAMIONNETTE ETE;Ete;155 R 12   88N   IMPERIAL   RF08   ;;155;;;R;12;;88;N;;TL;;;;RF08;;;;;;;5;;E;E;71;
3286347667411;76674;44639;4;63,61;BRIDGESTONE;PNEUS CAMIONNETTE ETE;Ete;165/70 R 14   89R   BRIDGESTONE   DURAVIS R410;;165;;70;R;14;;89;R;;TL;;;;DURAVIS R410;;;;;;;3;;E;E;72;2
3286347829017;78290;44805;28;48,75;BRIDGESTONE;PNEUS TOURISME ETE;Ete;195/65 R 15   91H   BRIDGESTONE   B250   ;;195;;65;R;15;;91;H;;TL;;;;B250;;;;;;;3;;E;C;71;2
3286347828812;78288;44807;24;59,54;BRIDGESTONE;PNEUS TOURISME ETE;Ete;195/65 R 15   91T   BRIDGESTONE   B250 VARIOUS   ;;195;;65;R;15;;91;T;;;;;;B250 VARIOUS;;;;;;;3;;F;C;73;3
3286347822919;78229;44884;20;63,45;BRIDGESTONE;PNEUS TOURISME ETE;Ete;185/60 R 14   82H   BRIDGESTONE   TURANZA ER300;;185;;60;R;14;;82;H;;;;;;TURANZA ER300;;;;;;;3;;G;C;72;3
3286347120817;71208;44958;4;58,75;BRIDGESTONE;PNEUS TOURISME ETE;Ete;205/55 ZR 16   91W   BRIDGESTONE   S02 N3;;205;;55;ZR;16;;91;W;;TL;;;;S02;;;;;;N3 WAR;2;;G;C;71;2
3286340123518;1235;44987;4;68,7;BRIDGESTONE;PNEUS TOURISME ETE;Ete;225/45 R 17   90W   BRIDGESTONE   POTENZA RE070;;225;;45;R;17;;90;W;;TL;;;;POTENZA RE070;;;;;;WAR;2;;F;C;70;2
4019238241235;03519810000;45186;20;73,04;CONTINENTAL;PNEUS TOURISME SECOURS;Ete;135/90 R 17   104M   CONTINENTAL   CST 17 * (GALETTE)   ;;135;;90;R;17;;104;M;;TL;;;;CST 17 (GALETTE);;;;;;*;5;;-;-;-;-
4019238221879;03519760000;45188;3;50,8;CONTINENTAL;PNEUS TOURISME SECOURS;Ete;155/85 R 18   115M   CONTINENTAL   CST 17 (GALETTE)   ;;155;;85;R;18;;115;M;;TL;;;;CST 17 (GALETTE);;;;;;;2;;;;0;0
4038526193209;556011;45247;40;99,31;DUNLOP;PNEUS CAMIONNETTE HIVER;Hiver;205/65 R 16   107/108T   DUNLOP   SP LT60   ;;205;;65;R;16;;107/105;T;;;;;;SP LT60;;;;;;;3;;F;C;71;2
4038526234100;513446;45369;2;79,7;DUNLOP;PNEUS TOURISME ETE;Ete;205/40 ZR 17   84W   DUNLOP   SPORT MAXX  XL ;;205;;40;ZR;17;;84;W;;TL;XL;;;SPORT MAXX;;;;;;;2;;F;A;68;1
4038526234353;513469;45418;20;140,42;DUNLOP;PNEUS TOURISME ETE;Ete;275/30 ZR 19   96Y   DUNLOP   SPORT MAXX XL ;;275;;30;ZR;19;;96;Y;;TL;XL;;;SPORT MAXX ;;;;;;;5;;E;B;70;1
4038526234360;513470;45419;20;159,65;DUNLOP;PNEUS TOURISME ETE;Ete;275/35 ZR 19   100Y   DUNLOP   SPORT MAXX XL ;;275;;35;ZR;19;;100;Y;;TL;XL;;;SPORT MAXX ;;;;;;;3;;E;B;70;1
3286340468718;4687;45783;20;45,72;FIRESTONE;PNEUS TOURISME HIVER;Hiver;145/70 R 13   71T   FIRESTONE   FW930;;145;;70;R;13;;71;T;;;;;;FW930;;;;;;;5;;F;E;71;2
5452000985712;559352;11796;8;85,15;GOODYEAR;PNEUS CAMIONNETTE ETE;Ete;205/65 R 16   107/105T   GOOD YEAR   CARGO MARATHON RE;;205;;65;R;16;;107/105;T;;TL;;;;CARGO MARATHON;;;;;;RE;2;;C;B;71;2
8808563226897;1004914;47242;50;139,15;HANKOOK;PNEUS 4X4 ETE;Ete;265/35 R 22   102W   HANKOOK   RH06 VENTUS ST KR XL;;265;;35;R;22;;102;W;;;XL;;;RH06 VENTUS ST KR;;;;;;;3;;C;C;72;2
8808563217499;1004328;47250;50;116,22;HANKOOK;PNEUS 4X4 ETE;Ete;275/40 R 20   106W   HANKOOK   RH06 VENTUS ST KR XL;;275;;40;R;20;;106;W;;;XL;;;RH06 VENTUS ST KR;;;;;;;3;;C;C;71;2
8808563217055;1004296;47251;20;118,89;HANKOOK;PNEUS 4X4 ETE;Ete;275/45 R 20   109V   HANKOOK   RH06 VENTUS ST KR XL;;275;;45;R;20;;109;V;;;XL;;;RH06 VENTUS ST KR;;;;;;;5;;C;C;72;2
8808563217475;1004326;47252;30;96,74;HANKOOK;PNEUS 4X4 ETE;Ete;275/55 R 17   109V   HANKOOK   RH06 VENTUS ST ;;275;;55;R;17;;109;V;;TL;;;;RH06 VENTUS ST;;;;;;;2;;C;C;72;2
8808563212685;1003968;47253;20;128,65;HANKOOK;PNEUS 4X4 ETE;Ete;275/60 R 17   110V   HANKOOK   RH06 VENTUS ST KR;;275;;60;R;17;;110;V;;;;;;RH06 VENTUS ST KR;;;;;;;5;;C;C;73;3
8808563217505;1004329;47256;19;111,38;HANKOOK;PNEUS 4X4 ETE;Ete;285/50 R 18   109W   HANKOOK   RH06 VENTUS ST ;;285;;50;R;18;;109;W;;TL;;;;RH06 VENTUS ST;;;;;;;3;;C;C;72;2
8808563212715;1003971;47257;9;150,14;HANKOOK;PNEUS 4X4 ETE;Ete;285/50 R 20   112V   HANKOOK   RH06 VENTUS ST ;;285;;50;R;20;;112;V;;TL;;;;RH06 VENTUS ST;;;;;;;2;;C;C;74;2
8808563226910;1004916;47260;20;218,68;HANKOOK;PNEUS 4X4 ETE;Ete;295/30 R 22   103W   HANKOOK   RH06 VENTUS ST KR;;295;;30;R;22;;103;W;;;;;;RH06 VENTUS ST KR;;;;;;;3;;C;C;75;2
8808563219981;2000976;47266;8;90,64;HANKOOK;PNEUS 4X4 ETE;Ete;30 x 9.50 R 15   104Q   HANKOOK   DYNAPRO MT RT03;;9.50;;;R;15;;104;Q;;TL;;;;DYNAPRO MT RT03 KR;;;;;;;3;;-;-;-;-
8808563210377;3000798;47302;4;277,96;HANKOOK;POIDS LOURDS ETE;Ete;11 R 22,5   148K   HANKOOK   DH05;;11;;;R;22,5;;148;K;;;;;;DH05;;;;;;;2;;D;C;75;2
8808563280714;3001463;47314;50;136,08;HANKOOK;POIDS LOURDS ETE;Ete;205/75 R 17.5   124/122M   HANKOOK   AH11   ;;205;;75;R;17,5;;12PR;;;;;;;AH11;;;;;;;4;;D;C;67;1
8808563209258;3000776;47317;2;149,5;HANKOOK;POIDS LOURDS ETE;Ete;215/75 R 17,5   126M   HANKOOK   DH05;;215;;75;R;17,5;;126;M;;;;;;DH05;;;;;;;3;;E;C;75;2
8808563242040;3001059;47322;50;215,84;HANKOOK;POIDS LOURDS ETE;Ete;245/70 R 19.5   136/134M   HANKOOK   AH11   ;;245;;70;R;19,5;;14PR;;;;;;;AH11;;;;;;;4;;C;C;67;1
8808563263458;3001247;47323;11;223,03;HANKOOK;POIDS LOURDS ETE;Ete;245/70 R 19,5   14PR   HANKOOK   DH05;;245;;70;R;19,5;;14PR;;;;;;;DH05;;;;;;;4;;D;C;75;2
8808563262550;3001231;47324;50;211,13;HANKOOK;POIDS LOURDS ETE;Ete;245/70 R 19,5   18PR   HANKOOK   TH10;;245;;70;R;19,5;;18PR;;;;;;;TH10;;;;;;;4;;C;C;70;1
8808563224282;3001004;47341;2;359,31;HANKOOK;POIDS LOURDS ETE;Ete;295/80 R 22,5   152/148K   HANKOOK   AM06;;295;;80;R;22,5;;152/148;K;;;;;;AM06;;;;;;;2;;D;C;72;2
8808563246147;3001087;47342;30;314,11;HANKOOK;POIDS LOURDS ETE;Ete;295/80 R 22,5   152/148M   HANKOOK   DH05;;295;;80;R;22,5;;152/148;M;;TL;;;;DH05;;;;;;;2;;E;C;75;2
8808563247359;3001095;47351;3;352,94;HANKOOK;POIDS LOURDS ETE;Ete;315/80 R 22,5   18PR   HANKOOK   DH05;;315;;80;R;22,5;;18PR;;;;;;;DH05;;;;;;;2;;E;B;75;2
8808563216003;3000872;47354;15;176,3;HANKOOK;POIDS LOURDS ETE;Ete;8 R 17.5   117/116L   HANKOOK   AH11   ;;8;;;R;17,5;;117/116;L;;TL;;;;AH11;;;;;;;3;;D;C;67;1
8808563219431;3000921;47355;20;164,76;HANKOOK;POIDS LOURDS ETE;Ete;8 R 17,5   117/116L   HANKOOK   DH05;;8;;;R;17,5;;117/116;L;;TL;;;;DH05;;;;;;;3;;D;C;75;2
3528701101811;110181;47581;10;125,45;MICHELIN;PNEUS 4X4 ETE;Ete;7.50 R 16   116N   MICHELIN   O/R XZL;;7.50;;;R;16;;116;N;;TL;;;;O/R XZL;;;;;;;2;;F;B;76;3
3528702031537;203153;48080;30;366,81;MICHELIN;POIDS LOURDS ETE;Ete;285/70 R 19,5   150/148M   MICHELIN   XTA2 ENERGY;;285;;70;R;19,5;;150/148;M;;;;;;XTA2 ENERGY;;;;;;;2;;C;B;69;1
4019238348750;03506030000;L525049;20;104,21;CONTINENTAL;PNEUS TOURISME ETE;Ete;235/40 R 18   91Y   CONTINENTAL   SPORT CONTACT 3 N1 FR;;235;;40;R;18;;91;Y;;TL;;;;SPORT CONTACT 3;;;;;;N1 FR;3;;G;A;72;3
4019238368819;03500520000;L525046;14;106,7;CONTINENTAL;PNEUS TOURISME ETE;Ete;225/60 R 16   102V   CONTINENTAL   PREMIUM CONTACT 2  XL ;;225;;60;R;16;;102;V;;TL;XL;;;PREMIUM CONTACT 2;;;;;;;3;;C;B;72;2
4019238336306;03501860000;L525043;4;91,8;CONTINENTAL;PNEUS TOURISME ETE;Ete;225/45 R 17   91V   CONTINENTAL   SPORT CONTACT 3 * FR SSR;;225;;45;R;17;;91;V;;TL;;;;SPORT CONTACT 3;;SSR;;;;* FR;2;;E;B;72;3
8808563204376;1003338;87551;14;76,67;HANKOOK;PNEUS 4X4 ETE;Ete;205/80 R 16   104Q   HANKOOK   RT01 RF;;205;;80;R;16;;104;Q;;TL;RF;;;RT01;;;;;;;3;;-;-;-;-
8808563226873;1004912;87566;22;150,59;HANKOOK;PNEUS 4X4 ETE;Ete;265/50 R 20   112W   HANKOOK   RH06 VENTUS ST XL;;265;;50;R;20;;112;W;;TL;XL;;;RH06 VENTUS ST;;;;;;;3;;C;C;72;2
8808563216157;1004231;87570;10;143,24;HANKOOK;PNEUS 4X4 ETE;Ete;295/45 R 20   114V   HANKOOK   RH06 VENTUS ST KR XL;;295;;45;R;20;;114;V;;;XL;;;RH06 VENTUS ST KR;;;;;;;3;;C;C;74;2
8808563231501;2001151;87574;16;53,4;HANKOOK;PNEUS CAMIONNETTE ETE;Ete;165/70 R 13   88/86R   HANKOOK   RADIAL RA08;;165;;70;R;13;;88/86;R;;TL;;;;RADIAL RA08;;;;;;;3;;F;C;69;1
8808563231518;2001152;87576;8;55,02;HANKOOK;PNEUS CAMIONNETTE ETE;Ete;165/75 R 14   97/95R   HANKOOK   RADIAL RA08;;165;;75;R;14;;97/95;R;;TL;;;;RADIAL RA08;;;;;;;3;;E;C;69;1
8808563231525;2001153;87578;20;57,89;HANKOOK;PNEUS CAMIONNETTE ETE;Ete;175/75 R 14   99/98Q   HANKOOK   RADIAL RA08;;175;;75;R;14;;99/98;Q;;TL;;;;RADIAL RA08;;;;;;;3;;F;C;69;1
3528701722764;172276;87633;6;96,15;MICHELIN;PNEUS CAMIONNETTE ETE;Ete;195/60 R 16   99/97H   MICHELIN   AGILIS 51;;195;;60;R;16;;99/97;H;;TL;;;;AGILIS 51;;;;;;;2;;C;A;72;2
4968814679583;;S909924;50;51,8;YOKOHAMA;PNEUS TOURISME ETE;Ete;195/65 R 15   91H   YOKOHAMA   A349 TOY AURIS;;195;;65;R;15;;91;H;;TL;;;;A349;;;;;;TOY AURIS;3;;E;C;70;2
4019238279207;03533440000;89965;20;99,22;CONTINENTAL;PNEUS TOURISME HIVER;Hiver;195/55 R 16   87T   CONTINENTAL   TS 810 FR  ;;195;;55;R;16;;87;T;;;;;;TS 810 FR;;;;;;;5;;E;C;72;2
8019227153200;1532000;Z818671;1;82,87;METZELER;MOTO ROUTE;Ete;120/80 - 18   M/C 62H   METZELER   LASERTEC ;;120;;80;-;18;;62;H;;TL;;;;LASERTEC ;;;;;;;2;;-;-;-;-
8019227153217;1532100;Z818672;23;89,51;METZELER;MOTO ROUTE;Ete;120/90 - 18   M/C 65H   METZELER   LASERTEC ;;120;;90;-;18;;65;H;;TL;;;;LASERTEC ;;;;;;;3;;-;-;-;-
8019227104097;1040900;Z818673;8;101,25;METZELER;MOTO ROUTE;Ete;120/90 B 18   M/C 65H   METZELER   ME 880 MARATHON  AV MBS;;120;;90;B;18;;65;H;;TL;;;;ME 880 MARATHON;;;;;;MBS;2;;-;-;-;-
8019227153224;1532200;Z818674;1;91,8;METZELER;MOTO ROUTE;Ete;120/90 - 18   M/C 65V   METZELER   LASERTEC ;;120;;90;-;18;;65;V;;TL;;;;LASERTEC ;;;;;;;2;;-;-;-;-
8019227156829;1568200;Z818675;5;126,65;METZELER;MOTO ROUTE;Ete;130/60 VR 18   M/C 60V   METZELER   ME 880 MARATHON;;130;;60;VR;18;;60;V;;TL;;;;ME 880 MARATHON;;;;;;;2;;-;-;-;-
8019227153309;1533000;Z818676;7;83,68;METZELER;MOTO ROUTE;Ete;130/70 - 18   M/C 63H   METZELER   LASERTEC ;;130;;70;-;18;;63;H;;TL;;;;LASERTEC ;;;;;;;3;;-;-;-;-
4019238279245;03533480000;90021;100;102,36;CONTINENTAL;PNEUS TOURISME HIVER;Hiver;245/40 R 18   97V   CONTINENTAL   TS 810 XL ;;245;;40;R;18;;97;V;;TL;XL;;;TS 810;;;;;;;3;;E;C;72;2
4019238279115;03533350000;90023;50;141,16;CONTINENTAL;PNEUS TOURISME HIVER;Hiver;245/45 R 18   100V   CONTINENTAL   TS 810 XL ;;245;;45;R;18;;100;V;;TL;XL;;;TS 810;;;;;;;3;;E;E;72;2
4019238281620;03538820000;90024;6;162,15;CONTINENTAL;PNEUS TOURISME HIVER;Hiver;245/50 R 18   104V   CONTINENTAL   TS 790 XL ;;245;;50;R;18;;104;V;;;XL;;;TS 790;;;;;;;3;;E;E;72;2
4038526266200;561050;90308;20;97,11;DUNLOP;PNEUS 4X4 ETE;Ete;265/65 R 17   112S   DUNLOP   GRANDTREK AT20 LHD   ;;265;;65;R;17;;112;S;;TL;;;;GRANDTREK AT20;;;;;;LHD;3;;C;E;72;2
3188642345646;553718;90316;3;53,74;DUNLOP;PNEUS CAMIONNETTE ETE;Ete;165/70 R 13   88/86R   DUNLOP   SP9C;;165;;70;R;13;;88/86;R;;;;;;SP9C;;;;;;;3;;E;C;71;2
5452000988805;559570;91180;13;113,09;GOODYEAR;PNEUS CAMIONNETTE 4 SAISONS;Quatre saisons;225/60 R 16   101/99H   GOOD YEAR   CARGO VECTOR DC;;225;;60;R;16;;101/99;H;;TL;;;;CARGO VECTOR;;;;;;DC;2;;F;B;72;2
3286347798115;77981;90360;16;62,35;FIRESTONE;PNEUS CAMIONNETTE ETE;Ete;175/75 R 16   101/99R   FIRESTONE   VANHAWK;;175;;75;R;16;;101/99;R;;TL;;;;VANHAWK;;;;;;;3;;G;B;72;2
3286347797811;77978;90361;33;51,77;FIRESTONE;PNEUS CAMIONNETTE ETE;Ete;185 R 14   102/100R   FIRESTONE   VANHAWK;;185;;;R;14;;102/100;R;;TL;;;;VANHAWK;;;;;;;3;;G;B;72;2
3286347798214;77982;90363;19;92,66;FIRESTONE;PNEUS CAMIONNETTE ETE;Ete;185/75 R 16   104/102R   FIRESTONE   VANHAWK;;185;;75;R;16;;104/102;R;;;;;;VANHAWK;;;;;;;3;;F;B;71;2
3286347797910;77979;90364;19;85,9;FIRESTONE;PNEUS CAMIONNETTE ETE;Ete;195 R 14   106/104R   FIRESTONE   VANHAWK;;195;;;R;14;;106/104;R;;TL;;;;VANHAWK;;;;;;;3;;F;B;73;3
3528701361413;136141;90427;20;83,13;MICHELIN;PNEUS CAMIONNETTE HIVER;Hiver;175/65 R 14   90/88T   MICHELIN   AGILIS 51 SNOW ICE;;175;;65;R;14;;90/88;T;;TL;;;;AGILIS 51 SNOW ICE;;;;;;;5;;E;A;71;2
3528701360973;136097;90438;13;96,03;MICHELIN;PNEUS CAMIONNETTE HIVER;Hiver;205/65 R 15   102/100T   MICHELIN   AGILIS 51 SNOW ICE;;205;;65;R;15;;102/100;T;;TL;;;;AGILIS 51 SNOW ICE;;;;;;;4;;E;A;71;2
3528701360164;136016;90441;20;129,53;MICHELIN;PNEUS CAMIONNETTE HIVER;Hiver;215/65 R 15   104/102T   MICHELIN   AGILIS 51 SNOW ICE;;215;;65;R;15;;104/102;T;;TL;;;;AGILIS 51 SNOW ICE;;;;;;;5;;E;A;71;2
3286347849510;78495;91144;20;46,27;FIRESTONE;PNEUS TOURISME HIVER;Hiver;165/70 R 13   79T   FIRESTONE   WINTERHAWK  ;;165;;70;R;13;;79;T;;;;;;WINHAWK;;;;;;;5;;F;B;70;2
3286347849916;78499;91146;4;43,48;FIRESTONE;PNEUS TOURISME HIVER;Hiver;175/65 R 13   80T   FIRESTONE   WINTERHAWK;;175;;65;R;13;;80;T;;TL;;;;WINTERHAWK;;;;;;;3;;F;E;71;2
5452000987891;559544;91164;19;84,61;GOODYEAR;PNEUS CAMIONNETTE HIVER;Hiver;185/75 R 16   104/102R   GOOD YEAR   CARGO ULTRAGRIP;;185;;75;R;16;;104/102;R;;TL;;;;CARGO ULTRAGRIP;;;;;;;3;;F;C;73;2
3528701108315;110831;90561;4;421;MICHELIN;POIDS LOURDS ETE;Ete;12 R 22,5   152/148K   MICHELIN   XDY 3;;12;;;R;22,5;;152/148;K;;;;;;XDY 3;;;;;;;3;;E;B;71;1
3528703375807;337580;90565;20;164,05;MICHELIN;POIDS LOURDS ETE;Ete;215/75 R 17,5   126/124M   MICHELIN   XZE 2;;215;;75;R;17,5;;126/124;M;;;;;;XZE 2;;;;;;;3;;D;C;68;1
8019227149807;1498000;91284;3;74,51;PIRELLI;PNEUS TOURISME HIVER;Hiver;225/55 R 16   95H   PIRELLI   W210 SOTTOZERO  *   ;;225;;55;R;16;;95;H;;;;;;W210 SOTTOZERO;;;;;;*;2;;F;C;72;2
8019227170764;1707600;91297;20;157,53;PIRELLI;PNEUS TOURISME HIVER;Hiver;255/40 R 19   100V   PIRELLI   W240 SOTTOZERO (M0) XL ;;255;;40;R;19;;100;V;;TL;XL;;;W240 SOTTOZERO;;;;;;M0;3;;F;C;73;2
8019227152814;1528100;91299;20;161,52;PIRELLI;PNEUS TOURISME HIVER;Hiver;265/35 R 18   97V   PIRELLI   W240 SNOWSPORT (N3) XL ;;265;;35;R;18;;97;V;;TL;XL;;;W240 SNOWSPORT;;;;;;N3;3;;E;C;73;2
4981910848943;11670644;109434;12;42,29;TOYO;PNEUS TOURISME ETE;Ete;165/80 R 14   85T   TOYO   330  ;;165;;80;R;14;;85;T;;TL;;;;330;;;;;;;1;;;;0;0
4981910840329;16250406;109437;50;44,38;TOYO;PNEUS TOURISME ETE;Ete;165/80 R 15   87T   TOYO   330  ;;165;;80;R;15;;87;T;;TL;;;;330;;;;;;;3;;;;0;0
4981910816034;12651635;109450;19;53,77;TOYO;PNEUS CAMIONNETTE ETE;Ete;175/65 R 14   90T   TOYO   H08;;175;;65;R;14;;90;T;;TL;;;;H08;;;;;;;3;;F;E;71;2
8019227232066;2320600;Z1132930;41;119,21;PIRELLI;PNEUS 4X4 4 SAISONS;Quatre saisons;285/60 R 18   120V   PIRELLI   SCORPION VERDE ALL SEASON FSL XL;;285;;60;R;18;;120;V;;TL;XL;;;SCORPION VERDE ALL SEASON;;;;;;;4;;C;C;72;2
8019227150445;1504400;91243;50;150,98;PIRELLI;PNEUS 4X4 HIVER;Hiver;255/50 R 19   107V   PIRELLI   SCORPION ICE & SNOW  RB N0  XL ;;255;;50;R;19;;107;V;;;XL;;;SCORPION ICE & SNOW  RB;;;;;;N0;2;;C;B;72;2
4981910834779;14590226;109609;6;62,83;TOYO;PNEUS TOURISME ETE;Ete;205/50 R 16   87W   TOYO   PROXES T1R  ;;205;;50;R;16;;87;W;;TL;;;;PROXES T1R;;;;;;;3;;F;C;70;2
4981910401506;2282890;109619;25;60,06;TOYO;PNEUS TOURISME ETE;Ete;205/55 R 15   88V   TOYO   PROXES T1R  ;;205;;55;R;15;;88;V;;TL;;;;PROXES T1R;;;;;;;1;;F;E;70;2
4981910828600;2288500;109622;20;50,98;TOYO;PNEUS TOURISME ETE;Ete;205/55 R 16   91W   TOYO   PROXES T1R FP;;205;;55;R;16;;91;W;;TL;;;;PROXES T1R;;;;;;FP;3;;F;E;71;2
4981910823735;13182779;109640;49;65,55;TOYO;PNEUS CAMIONNETTE ETE;Ete;205/65 R 15   102/100T   TOYO   H08;;205;;65;R;15;;102/100;T;;TL;;;;H08;;;;;;;1;;F;E;72;2
4981910856764;15081147;109651;12;63,81;TOYO;PNEUS 4X4 ETE;Ete;205/70 R 15   96H   TOYO   OPEN COUNTRY H/T  ;;205;;70;R;15;;96;H;;TL;;;;OPEN COUNTRY H/T;;;;;;;2;;F;F;69;2
4981910841289;16540420;109653;74;71,8;TOYO;PNEUS CAMIONNETTE ETE;Ete;205/75 R 16   110/108R   TOYO   H08;;205;;75;R;16;;110/108;R;;TL;;;;H08;;;;;;;1;;F;E;72;2
4981910830320;14100229;109659;10;69,48;TOYO;PNEUS CAMIONNETTE ETE;Ete;215 R 14   112S   TOYO   H08;;215;;80;R;14;;112;S;;TL;;;;H08;;;;;;;2;;E;E;72;2
4981910844815;16570311;109663;19;63,49;TOYO;PNEUS TOURISME ETE;Ete;215/35 R 18   84W   TOYO   PROXES T1R XL ;;215;;35;R;18;;84;W;;TL;XL;;;PROXES T1R;;;;;;;3;;F;C;70;2
4981910841388;15870206;109667;50;55,35;TOYO;PNEUS TOURISME ETE;Ete;215/40 R 16   86W   TOYO   PROXES T1R XL ;;215;;40;R;16;;86;W;;TL;XL;;;PROXES T1R;;;;;;;3;;F;C;70;2
4981910401742;15680350;109670;50;63;TOYO;PNEUS TOURISME ETE;Ete;215/40 R 17   87W   TOYO   PROXES T1R XL ;;215;;40;R;17;;87;W;;TL;XL;;;PROXES T1R;;;;;;;3;;F;C;70;2
4981910838616;15940956;109691;46;74,46;TOYO;PNEUS CAMIONNETTE ETE;Ete;215/65 R 16   109/107R   TOYO   H08;;215;;65;R;16;;109/107;R;;TL;;;;H08;;;;;;;3;;F;E;72;2
4981910873785;15751428;109694;50;72,15;TOYO;PNEUS CAMIONNETTE ETE;Ete;215/70 R 15   109S   TOYO   H08;;215;;70;R;15;;109;S;;TL;;;;H08;;;;;;;3;;F;E;72;2
4981910837381;15571020;109699;13;81,47;TOYO;PNEUS 4X4 ETE;Ete;215/70 R 16   99H   TOYO   TRANPATH A14F (TOYOTA RAV4);;215;;70;R;16;;99;H;;TL;;;;TRANPATH A14F;;;;;;TOYOTA RAV 4;3;;E;C;70;2
4981910841036;16460400;109702;46;73,54;TOYO;PNEUS CAMIONNETTE ETE;Ete;215/75 R 16   113/111R   TOYO   H08;;215;;75;R;16;;113/111;R;;TL;;;;H08;;;;;;;3;;E;E;72;2
4981910841449;2343400;109710;7;62,01;TOYO;PNEUS TOURISME ETE;Ete;225/40 R 16   85W   TOYO   PROXES T1R FP;;225;;40;R;16;;85;W;;TL;;;;PROXES T1R;;;;;;FP;1;;G;E;71;2
4981910401674;15670347;109718;50;58,97;TOYO;PNEUS TOURISME ETE;Ete;225/45 R 17   94Y   TOYO   PROXES T1R XL ;;225;;45;R;17;;94;Y;;TL;XL;;;PROXES T1R;;;;;;;3;;F;C;70;2
4981910402022;13620369;109722;12;76,41;TOYO;PNEUS TOURISME ETE;Ete;225/50 R 15   91V   TOYO   PROXES T1R  ;;225;;50;R;15;;91;V;;TL;;;;PROXES T1R;;;;;;;1;;F;C;70;2
4981910401599;13640491;109725;50;66,61;TOYO;PNEUS TOURISME ETE;Ete;225/50 R 16   92W   TOYO   PROXES T1R  ;;225;;50;R;16;;92;W;;TL;;;;PROXES T1R;;;;;;;3;;F;C;70;2
4981910844679;18500167;109743;24;83,43;TOYO;PNEUS CAMIONNETTE ETE;Ete;225/65 R 16   112/110R   TOYO   H08;;225;;65;R;16;;112/110;R;;TL;;;;H08;;;;;;;3;;E;C;72;2
4981910836353;15360429;109744;29;71,38;TOYO;PNEUS CAMIONNETTE ETE;Ete;225/70 R 15   112/110S   TOYO   H08;;225;;70;R;15;;112/110;S;;TL;;;;H08;;;;;;;3;;E;C;72;2
4981910831440;14190317;109750;2;93,93;TOYO;PNEUS CAMIONNETTE ETE;Ete;225/75 R 16   118/116R   TOYO   H08;;225;;75;R;16;;118/116;R;;TL;;;;H08;;;;;;;2;;E;E;72;2
4981910841579;15910216;109785;19;92,1;TOYO;PNEUS TOURISME ETE;Ete;245/35 R 17   87W   TOYO   PROXES T1R  ;;245;;35;R;17;;87;W;;TL;;;;PROXES T1R;;;;;;;1;;F;C;70;2
4981910402060;14420363;109799;34;94,84;TOYO;PNEUS TOURISME ETE;Ete;245/45 R 16   94W   TOYO   PROXES T1R  ;;245;;45;R;16;;94;W;;TL;;;;PROXES T1R;;;;;;;1;;F;C;70;2
4981910835813;15220244;109811;8;79,83;TOYO;PNEUS 4X4 ETE;Ete;245/70 R 16   107V   TOYO   PROXES S/T;;245;;70;R;16;;107;V;;TL;;;;PROXES S/T;;;;;;;2;;F;E;71;2
4981910850267;18930102;109872;2;98,99;TOYO;PNEUS 4X4 ETE;Ete;275/55 R 17   109V   TOYO   PROXES S/T;;275;;55;R;17;;109;V;;TL;;;;PROXES S/T;;;;;;;1;;F;E;72;3
4981910701118;16880175;109883;8;106,92;TOYO;PNEUS 4X4 ETE;Ete;285/60 R 17   114V   TOYO   PROXES S/T;;285;;60;R;17;;114;V;;TL;;;;PROXES S/T;;;;;;;1;;E;E;72;2
9555411100654;13WES1837;S918661;13;44,93;SILVERSTONE;PNEUS TOURISME ETE;Ete;235/45 ZR 17   95W   SILVERSTONE   EVOL 8;;235;;45;ZR;17;;95;W;;TL;;;;EVOL 8;;;;;;;3;;F;E;71;2
3286340195515;1955;L520520;2;82,6;BRIDGESTONE;PNEUS TOURISME HIVER;Hiver;205/55 R 16   91H   BRIDGESTONE   BLIZZAK LM25 * RFT;;205;;55;R;16;;91;H;;;;;;BLIZZAK LM25 ;;RFT;;;;* 1/3/Z4WR;3;;F;E;72;2
3286347907715;79077;L520527;4;145,21;BRIDGESTONE;PNEUS TOURISME HIVER;Hiver;245/50 R 17   99H   BRIDGESTONE   BLIZZAK LM25 * RFT;;245;;50;R;17;;99;H;;TL;;;;BLIZZAK LM25;;RFT;;;;*;2;;F;E;72;2
3286347907913;79079;L520528;4;168,36;BRIDGESTONE;PNEUS TOURISME HIVER;Hiver;255/40 R 18   95V   BRIDGESTONE   BLIZZAK LM25 EXT;;255;;40;R;18;;95;V;;;;;;BLIZZAK LM25 EXT;;;;;;;3;;F;E;72;2
3286347794810;77948;200521;20;60,44;BRIDGESTONE;PNEUS TOURISME ETE;Ete;165/65 R 15   81T   BRIDGESTONE   B250 ECOPIA VARIOUS   ;;165;;65;R;15;;81;T;;TL;;;;B250 ECOPIA;;;;;;VARIOUS;5;;E;B;70;2
3286347841415;78414;200526;28;102,29;BRIDGESTONE;PNEUS TOURISME ETE;Ete;205/50 R 17   89V   BRIDGESTONE   RE050 ASYMMETRIC I * RFT;;205;;50;R;17;;89;V;;TL;;;;RE050 ASYMMETRIC I;;RFT;;;;* WAR;2;;F;B;71;2
3286347841613;78416;200527;10;147,06;BRIDGESTONE;PNEUS TOURISME ETE;Ete;205/50 R 17   89W   BRIDGESTONE   RE050 ASYMMETRIC * RFT;;205;;50;R;17;;89;W;;TL;;;;RE050 ASYMMETRIC;;RFT;;;;*;3;;F;B;71;2
3286347848117;78481;200536;20;115,85;BRIDGESTONE;PNEUS TOURISME ETE;Ete;225/50 R 17   94Y   BRIDGESTONE   POTENZA RE050 SYMMETRIC * RFT;;225;;50;R;17;;94;Y;;TL;;;;POTENZA RE050;;RFT;;;;* WAR;3;;F;C;70;2
3286347840210;78402;200538;20;121,02;BRIDGESTONE;PNEUS TOURISME ETE;Ete;245/40 R 18   93Y   BRIDGESTONE   RE050 ASYMMETRIC * RFT;;245;;40;R;18;;93;Y;;TL;;;;RE050 ASYMMETRIC;;RFT;;;;* WAR;5;;G;C;72;3
3286347848216;78482;200539;50;126,05;BRIDGESTONE;PNEUS TOURISME ETE;Ete;245/45 R 17   95Y   BRIDGESTONE   POTENZA RE050 * RFT;;245;;45;R;17;;95;Y;;TL;;;;POTENZA RE050;;RFT;;;;* WAR;4;;F;C;69;2
3286347717017;77170;200540;12;137,33;BRIDGESTONE;PNEUS TOURISME ETE;Ete;245/45 R 18   96W   BRIDGESTONE   POTENZA RE040 * RFT;;245;;45;R;18;;96;W;;TL;;;;POTENZA RE040;;RFT;;;;* WAR;3;;F;C;71;2
3286347863011;78630;200542;30;140,24;BRIDGESTONE;PNEUS TOURISME ETE;Ete;245/45 R 18   96Y   BRIDGESTONE   POTENZA RE050  RFT ;;245;;45;R;18;;96;Y;;TL;;;;POTENZA RE050;;RFT;;;;WAR;4;;F;C;71;2
3286347717116;77171;200545;8;188,35;BRIDGESTONE;PNEUS TOURISME ETE;Ete;275/40 R 18   99W   BRIDGESTONE   POTENZA RE040 * RFT;;275;;40;R;18;;99;W;;TL;;;;POTENZA RE040;;RFT;;;;* WAR;2;;F;C;72;2
3286347852213;78522;200546;7;136,88;BRIDGESTONE;PNEUS TOURISME ETE;Ete;285/40 ZR 19   103Y   BRIDGESTONE   RE050 ASYMMETRIC RFT;;285;;40;ZR;19;;103;Y;;TL;;;;RE050 ASYMMETRIC;;RFT;;;;WAR;3;;F;C;73;2
4019238304947;15480040000;200554;20;97,2;CONTINENTAL;PNEUS 4X4 ETE;Ete;235/65 R 17   104H   CONTINENTAL   4X4 CONTACT FR ML MO   ;;235;;65;R;17;;104;H;;TL;;;;4X4 CONTACT;;;;;;FR ML M0;3;;F;C;72;3
4019238304954;15480050000;200556;20;101,95;CONTINENTAL;PNEUS 4X4 ETE;Ete;235/65 R 17   104V   CONTINENTAL   4X4 CONTACT FR ML MO   ;;235;;65;R;17;;104;V;;TL;;;;4X4 CONTACT;;;;;;FR ML M0;3;;E;C;72;3
4019238265477;03545170000;200560;19;125,11;CONTINENTAL;PNEUS 4X4 ETE;Ete;235/70 R 17   111H   CONTINENTAL   4X4 CONTACT  XL ;;235;;70;R;17;;111;H;;TL;XL;;;4X4 CONTACT;;;;;;;3;;E;C;73;3
4019238317688;03545790000;200562;20;184,63;CONTINENTAL;PNEUS 4X4 ETE;Ete;255/50 R 20   109Y   CONTINENTAL   CROSS CONTACT UHP FR XL ;;255;;50;R;20;;109;Y;;TL;XL;;;CROSS CONTACT UHP;;;;;;FR;3;;E;C;75;3
4019238304961;15480060000;200563;40;97,83;CONTINENTAL;PNEUS 4X4 ETE;Ete;255/55 R 18   105H   CONTINENTAL   4X4 CONTACT FR ML MO   ;;255;;55;R;18;;105;H;;TL;;;;4X4 CONTACT;;;;;;FR ML M0;3;;E;C;73;3
4019238276237;03546950000;200567;20;111,87;CONTINENTAL;PNEUS 4X4 ETE;Ete;255/55 R 18   105W   CONTINENTAL   CROSS CONTACT UHP MO ML;;255;;55;R;18;;105;W;;TL;;;;CROSS CONTACT UHP;;;;;;M0 ML;3;;F;B;73;3
4019238315677;03545590000;200571;5;154,33;CONTINENTAL;PNEUS 4X4 ETE;Ete;275/40 R 20   106Y   CONTINENTAL   CROSS CONTACT UHP LR FR  XL ;;275;;40;R;20;;106;Y;;TL;XL;;;CROSS CONTACT UHP;;;;;;LR FR;2;;E;C;75;3
4019238295269;03545710000;200574;2;233,7;CONTINENTAL;PNEUS 4X4 ETE;Ete;285/50 R 20   116W   CONTINENTAL   CROSS CONTACT UHP FR  XL ;;285;;50;R;20;;116;W;;TL;XL;;;CROSS CONTACT UHP;;;;;;FR;3;;C;A;76;3
4019238319873;04510040000;200581;4;67,69;CONTINENTAL;PNEUS CAMIONNETTE ETE;Ete;165/70 R 13   88/86R   CONTINENTAL   VANCO CONTACT 2   ;;165;;70;R;13;;88/86;R;;TL;;;;VANCO CONTACT 2;;;;;;;2;;E;C;72;2
4019238319897;04510060000;200595;51;74,25;CONTINENTAL;PNEUS CAMIONNETTE ETE;Ete;195/60 R 16   99/97H   CONTINENTAL   VANCO CONTACT 2   ;;195;;60;R;16;;99/97;H;;TL;;;;VANCO CONTACT 2;;;;;;;3;;C;B;72;2
4019238263817;03529720000;200621;18;65,32;CONTINENTAL;PNEUS TOURISME SECOURS;Ete;145/80 R 18   99M   CONTINENTAL   CST 17 (GALETTE) M0;;145;;80;R;18;;99;M;;TL;;;;CST 17 (GALETTE);;;;;;M0;3;;;;0;0
4019238318456;03526100000;200622;4;48,29;CONTINENTAL;PNEUS TOURISME ETE;Ete;165/70 R 13   83T   CONTINENTAL   ECO CONTACT 3  XL ;;165;;70;R;13;;83;T;;TL;XL;;;ECO CONTACT 3;;;;;;;2;;C;B;71;2
4019238319507;03520130000;200624;12;52,46;CONTINENTAL;PNEUS TOURISME ETE;Ete;175/65 R 13   80T   CONTINENTAL   ECO CONTACT 3   ;;175;;65;R;13;;80;T;;TL;;;;ECO CONTACT 3;;;;;;;3;;E;B;70;2
4019238425147;03502520000;200625;4;55,55;CONTINENTAL;PNEUS TOURISME ETE;Ete;175/65 R 14   82H   CONTINENTAL   ECO CONTACT 3   ;;175;;65;R;14;;82;H;;TL;;;;ECO CONTACT 3;;;;;;;2;;F;B;70;2
4019238301267;03524170000;200627;2;84,6;CONTINENTAL;PNEUS TOURISME ETE;Ete;185/50 R 16   81H   CONTINENTAL   PREMIUM CONTACT FR   ;;185;;50;R;16;;81;H;;;;;;PREMIUM CONTACT FR;;;;;;;3;;F;C;67;1
4019238312423;03500890000;200630;100;84,51;CONTINENTAL;PNEUS TOURISME ETE;Ete;185/55 R 16   83V   CONTINENTAL   PREMIUM CONTACT 2   ;;185;;55;R;16;;83;V;;TL;;;;PREMIUM CONTACT 2;;;;;;;2;;E;B;70;2
4019238314212;03500620000;200631;8;58,59;CONTINENTAL;PNEUS TOURISME ETE;Ete;185/60 R 15   84H   CONTINENTAL   PREMIUM CONTACT 2   ;;185;;60;R;15;;84;H;;TL;;;;PREMIUM CONTACT 2;;;;;;;2;;E;C;70;2
4019238243628;03518860000;200635;31;48,93;CONTINENTAL;PNEUS TOURISME ETE;Ete;185/65 R 15   88T   CONTINENTAL   ECO CONTACT 3 ML M0;;185;;65;R;15;;88;T;;TL;;;;ECO CONTACT 3;;;;;;M0 ML;2;;E;E;70;2
4019238275858;03522570000;200640;18;87,21;CONTINENTAL;PNEUS TOURISME ETE;Ete;195/50 R 16   88V   CONTINENTAL   SPORT CONTACT 2 FR  XL ;;195;;50;R;16;;88;V;;TL;XL;;;SPORT CONTACT 2;;;;;;FR;2;;F;C;72;2
4019238314250;03500660000;200641;20;76,75;CONTINENTAL;PNEUS TOURISME ETE;Ete;195/55 R 15   85H   CONTINENTAL   PREMIUM CONTACT 2   ;;195;;55;R;15;;85;H;;TL;;;;PREMIUM CONTACT 2;;;;;;;3;;F;B;71;2
4019238314267;03500670000;200642;20;71,67;CONTINENTAL;PNEUS TOURISME ETE;Ete;195/55 R 15   85V   CONTINENTAL   PREMIUM CONTACT 2   ;;195;;55;R;15;;85;V;;TL;;;;PREMIUM CONTACT 2;;;;;;;3;;F;C;71;2
4019238312171;03500720000;200646;6;58,32;CONTINENTAL;PNEUS TOURISME ETE;Ete;195/60 R 15   88H   CONTINENTAL   PREMIUM CONTACT 2   ;;195;;60;R;15;;88;H;;TL;;;;PREMIUM CONTACT 2;;;;;;;2;;F;C;71;2
4019238319903;04510070000;200656;20;60;CONTINENTAL;PNEUS TOURISME ETE;Ete;195/70 R 15   97T   CONTINENTAL   VANCO CONTACT 2  RF ;;195;;70;R;15;;97;T;;TL;RF;;;VANCO CONTACT 2;;;;;;;3;;C;C;71;2
4019238317480;03525140000;200657;20;79,16;CONTINENTAL;PNEUS TOURISME ETE;Ete;205/45 R 16   83V   CONTINENTAL   SPORT CONTACT 2 FR   ;;205;;45;R;16;;83;V;;TL;;;;SPORT CONTACT 2;;;;;;FR;3;;F;B;71;2
4019238314281;03500690000;200659;21;76,83;CONTINENTAL;PNEUS TOURISME ETE;Ete;205/50 R 15   86V   CONTINENTAL   PREMIUM CONTACT 2   ;;205;;50;R;15;;86;V;;TL;;;;PREMIUM CONTACT 2;;;;;;;2;;E;B;71;2
4019238312256;03500800000;200662;3;79,49;CONTINENTAL;PNEUS TOURISME ETE;Ete;205/55 R 15   88V   CONTINENTAL   PREMIUM CONTACT 2   ;;205;;55;R;15;;88;V;;TL;;;;PREMIUM CONTACT 2;;;;;;;2;;E;B;71;2
4019238312270;03500820000;200669;20;58,68;CONTINENTAL;PNEUS TOURISME ETE;Ete;205/55 R 16   91V   CONTINENTAL   PREMIUM CONTACT 2   ;;205;;55;R;16;;91;V;;TL;;;;PREMIUM CONTACT 2;;;;;;;3;;E;B;71;2
4019238264432;03521190000;200672;20;78,48;CONTINENTAL;PNEUS TOURISME ETE;Ete;205/55 R 16   91V   CONTINENTAL   PREMIUM CONTACT *   SSR;;205;;55;R;16;;91;V;;TL;;;;PREMIUM CONTACT;;SSR;;;;*;3;;G;C;68;1
4019238264449;03521200000;200677;20;74,3;CONTINENTAL;PNEUS TOURISME ETE;Ete;205/55 R 16   91W   CONTINENTAL   PREMIUM CONTACT *  SSR;;205;;55;R;16;;91;W;;TL;;;;PREMIUM CONTACT;;SSR;;;;*;3;;G;C;68;1
4019238222128;03513390000;200678;20;77,99;CONTINENTAL;PNEUS TOURISME ETE;Ete;205/55 R 16   91W   CONTINENTAL   SPORT CONTACT 2 FR ML   ;;205;;55;R;16;;91;W;;TL;;;;SPORT CONTACT 2;;;;;;ML FR;3;;E;B;70;2
4019238282368;03521650000;200689;6;110,3;CONTINENTAL;PNEUS TOURISME ETE;Ete;215/40 R 18   89W   CONTINENTAL   SPORT CONTACT 2 M0 FR  XL ;;215;;40;R;18;;89;W;;TL;XL;;;SPORT CONTACT 2;;;;;;M0 FR;2;;F;B;72;2
4019238310528;03524890000;200691;2;82,31;CONTINENTAL;PNEUS TOURISME ETE;Ete;215/45 R 17   87V   CONTINENTAL   SPORT CONTACT 2 FR MO   ;;215;;45;R;17;;87;V;;TL;;;;SPORT CONTACT 2;;;;;;M0 FR;3;;E;B;71;2
4019238312287;03500830000;200694;4;94,64;CONTINENTAL;PNEUS TOURISME ETE;Ete;215/55 R 16   93V   CONTINENTAL   PREMIUM CONTACT 2   ;;215;;55;R;16;;93;V;;TL;;;;PREMIUM CONTACT 2;;;;;;;2;;E;B;71;2
4019238263442;03520850000;200705;16;88,86;CONTINENTAL;PNEUS TOURISME ETE;Ete;225/45 R 17   91V   CONTINENTAL   SPORT CONTACT 2 * FR SSR;;225;;45;R;17;;91;V;;TL;;;;SPORT CONTACT 2;;SSR;;;;* FR;3;;F;C;71;2
4019238263459;03520860000;200707;20;78,12;CONTINENTAL;PNEUS TOURISME ETE;Ete;225/45 R 17   91W   CONTINENTAL   SPORT CONTACT 2 * FR SSR;;225;;45;R;17;;91;W;;TL;;;;SPORT CONTACT 2;;SSR;;;;* FR;3;;F;C;71;2
4019238314328;03500930000;200717;27;84,86;CONTINENTAL;PNEUS TOURISME ETE;Ete;225/55 R 16   95V   CONTINENTAL   PREMIUM CONTACT 2   ;;225;;55;R;16;;95;V;;TL;;;;PREMIUM CONTACT 2;;;;;;;2;;E;B;71;2
4019238310931;03501070000;200718;20;121,01;CONTINENTAL;PNEUS TOURISME ETE;Ete;225/55 R 16   95W   CONTINENTAL   PREMIUM CONTACT 2  ;;225;;55;R;16;;95;W;;;;;;PREMIUM CONTACT 2;;;;;;;5;;;;0;0
4019238312249;03500790000;200721;21;92,49;CONTINENTAL;PNEUS TOURISME ETE;Ete;225/60 R 15   96V   CONTINENTAL   PREMIUM CONTACT 2   ;;225;;60;R;15;;96;V;;TL;;;;PREMIUM CONTACT 2;;;;;;;2;;E;B;71;2
4019238312294;03500840000;200722;24;93,07;CONTINENTAL;PNEUS TOURISME ETE;Ete;225/60 R 15   96W   CONTINENTAL   PREMIUM CONTACT 2   ;;225;;60;R;15;;96;W;;TL;;;;PREMIUM CONTACT 2;;;;;;;2;;E;B;71;2
4019238312263;03500810000;200723;16;106,51;CONTINENTAL;PNEUS TOURISME ETE;Ete;225/60 R 16   98V   CONTINENTAL   PREMIUM CONTACT 2   ;;225;;60;R;16;;98;V;;TL;;;;PREMIUM CONTACT 2;;;;;;;3;;E;B;71;2
4019238312317;03500860000;200724;23;103,43;CONTINENTAL;PNEUS TOURISME ETE;Ete;225/60 R 16   98W   CONTINENTAL   PREMIUM CONTACT 2   ;;225;;60;R;16;;98;W;;TL;;;;PREMIUM CONTACT 2;;;;;;;3;;E;B;71;2
4019238307412;03501020000;200734;20;118,93;CONTINENTAL;PNEUS TOURISME ETE;Ete;235/50 R 18   97W   CONTINENTAL   PREMIUM CONTACT 2 J FR   ;;235;;50;R;18;;97;W;;TL;;;;PREMIUM CONTACT 2;;;;;;J FR;5;;F;B;71;2
4019238323405;03501200000;200736;3;115,83;CONTINENTAL;PNEUS TOURISME ETE;Ete;235/60 R 16   100V   CONTINENTAL   PREMIUM CONTACT 2   ;;235;;60;R;16;;100;V;;TL;;;;PREMIUM CONTACT 2;;;;;;;2;;E;B;71;2
4019238312300;03500850000;200737;20;122,77;CONTINENTAL;PNEUS TOURISME ETE;Ete;235/60 R 16   100W   CONTINENTAL   PREMIUM CONTACT 2   ;;235;;60;R;16;;100;W;;TL;;;;PREMIUM CONTACT 2;;;;;;;3;;E;B;71;2
4019238276275;03522610000;200750;20;147,2;CONTINENTAL;PNEUS TOURISME ETE;Ete;255/40 R 17   94W   CONTINENTAL   SPORT CONTACT 2 * FR  SSR;;255;;40;R;17;;94;W;;TL;;;;SPORT CONTACT 2;;SSR;;;;* FR;5;;G;B;72;2
4019238259711;03520440000;200754;10;113,34;CONTINENTAL;PNEUS TOURISME ETE;Ete;255/45 R 18   99Y   CONTINENTAL   SPORT CONTACT 2 FR ML M0;;255;;45;R;18;;99;Y;;TL;;;;SPORT CONTACT 2;;;;;;M0 ML FR;3;;E;B;72;2
4019238259728;03520450000;200761;20;138,72;CONTINENTAL;PNEUS TOURISME ETE;Ete;275/45 R 18   103Y   CONTINENTAL   SPORT CONTACT 2 FR ML M0  ;;275;;45;R;18;;103;Y;;TL;;;;SPORT CONTACT 2;;;;;;M0 ML FR;5;;E;B;72;2
4019238214413;03515500000;200762;19;93,77;CONTINENTAL;PNEUS TOURISME ETE;Ete;275/50 R 19   112W   CONTINENTAL   PREMIUM CONTACT FR ML M0  XL ;;275;;50;R;19;;112;W;;TL;XL;;;PREMIUM CONTACT;;;;;;M0 ML FR;3;;E;B;70;1
4038526249357;560033;200786;3;121,98;DUNLOP;PNEUS 4X4 HIVER;Hiver;225/65 R 17   101Q   DUNLOP   GRANDTREK SJ6   ;;225;;65;R;17;;101;Q;;TL;;;;GRANDTREK SJ6;;;;;;;2;;E;F;75;3
4038526251824;515439;201190;2;85,44;DUNLOP;PNEUS TOURISME ETE;Ete;215/55 R 16   97W   DUNLOP   SP SPORT 01 MFS XL ;;215;;55;R;16;;97;W;;TL;XL;;;SP SPORT 01 ;;;;;;MFS;2;;E;B;68;1
4038526247148;514805;201202;20;101,84;DUNLOP;PNEUS TOURISME ETE;Ete;245/40 R 18   93Y   DUNLOP   SP SPORT 01 M0 MFS;;245;;40;R;18;;93;Y;;TL;;;;SP SPORT 01;;;;;;M0 MFS;5;;F;C;70;2
4038526248633;514949;201209;17;109,91;DUNLOP;PNEUS TOURISME ETE;Ete;255/40 ZR 17   98Y   DUNLOP   SPORT MAXX  XL ;;255;;40;ZR;17;;98;Y;;TL;XL;;;SPORT MAXX;;;;;;;2;;E;B;69;1
4038526229229;512722;201213;11;232,88;DUNLOP;PNEUS TOURISME ETE;Ete;275/30 R 20   93Y   DUNLOP   SP SPORT 01 * MFS DSST   ;;275;;30;R;20;;93;Y;;TL;;;;SP SPORT 01;;DSST;;;;* MFS;3;;F;B;69;1
4038526247131;514804;201214;14;131,09;DUNLOP;PNEUS TOURISME ETE;Ete;275/35 R 18   95Y   DUNLOP   SP SPORT 01 M0;;275;;35;R;18;;95;Y;;TL;;;;SP SPORT 01;;;;;;M0;2;;F;B;69;1
5452000988164;559545;201311;28;112,23;GOODYEAR;PNEUS 4X4 ETE;Ete;235/70 R 17   111H   GOOD YEAR   WRANGLER HP ALL WEATHER LR FP XL;;235;;70;R;17;;111;H;;TL;XL;;;WRANGLER HP ALL WEATHER;;;;;;LR FP;2;;E;E;71;2
5452000965790;562301;201322;4;118,93;GOODYEAR;PNEUS 4X4 ETE;Ete;255/55 R 19   111V   GOOD YEAR   WRANGLER HP ALL WEATHER LR1 FP XL;;255;;55;R;19;;111;V;;TL;XL;;;WRANGLER HP ALL WEATHER;;;;;;LR1 FP;3;;C;C;70;1
5452000994615;560002;201328;2;105,06;GOODYEAR;PNEUS 4X4 ETE;Ete;255/65 R 17   110H   GOOD YEAR   WRANGLER HP ALL WEATHER NISSAN FP;;255;;65;R;17;;110;H;;TL;;;;WRANGLER HP ALL WEATHER;;;;;;NISSAN FP;2;;C;E;71;2
5452000994646;560451;201329;19;93,96;GOODYEAR;PNEUS 4X4 ETE;Ete;255/65 R 17   110T   GOOD YEAR   WRANGLER HP ALL WEATHER NI FP;;255;;65;R;17;;110;T;;TL;;;;WRANGLER HP ALL WEATHER;;;;;;NI FP;2;;E;C;71;2
5452000964199;558169;201340;8;94,92;GOODYEAR;PNEUS 4X4 ETE;Ete;275/70 R 16   114H   GOOD YEAR   WRANGLER HP ALL WEATHER;;275;;70;R;16;;114;H;;TL;;;;WRANGLER HP ALL WEATHER;;;;;;;2;;E;C;72;2
5452000238467;552915;201353;3;56,57;GOODYEAR;PNEUS CAMIONNETTE ETE;Ete;175/75 R 16   101/99R   GOOD YEAR   CARGO G26 FO;;175;;75;R;16;;101/99;R;;TL;;;;CARGO G26;;;;;;FO;2;;E;E;73;3
5452000758347;560364;201359;20;71,1;GOODYEAR;PNEUS CAMIONNETTE ETE;Ete;195/60 R 16   99/97H   GOOD YEAR   CARGO MARATHON;;195;;60;R;16;;99/97;H;;TL;;;;CARGO MARATHON;;;;;;;5;;E;C;70;2
5452000919106;555730;201366;20;73,54;GOODYEAR;PNEUS CAMIONNETTE ETE;Ete;205/70 R 15   106/104R   GOOD YEAR   CARGO G26;;205;;70;R;15;;106/104;R;;;;;;CARGO G26;;;;;;;3;;E;E;71;2
5452000753908;515391;6196;50;46,65;GOODYEAR;PNEUS TOURISME ETE;Ete;185/65 R 15   88T   GOOD YEAR   GT3 PE;;185;;65;R;15;;88;T;;TL;;;;GT3;;;;;;PE;2;;E;E;67;1
5452000995209;515150;201504;20;311,15;GOODYEAR;PNEUS TOURISME ETE;Ete;255/50 R 21   106W   GOOD YEAR   EAGLE NCT5 * FP ROF;;255;;50;R;21;;106;W;;TL;;;;EAGLE NCT5;;ROF;;;;* FP;5;;E;C;72;2
5452000995216;515151;201512;20;343,02;GOODYEAR;PNEUS TOURISME ETE;Ete;285/45 R 21   109W   GOOD YEAR   EAGLE NCT5 * EMT;;285;;45;R;21;;109;W;;TL;;;;EAGLE NCT5;;EMT;;;;* FP;5;;E;C;73;2
8808563228631;1005054;201554;29;60,39;HANKOOK;PNEUS TOURISME ETE;Ete;195/40 ZR 17   81W   HANKOOK   K107 VENTUS S1 EVO  XL ;;195;;40;ZR;17;;81;W;;TL;XL;;;K107 VENTUS S1 EVO;;;;;;;2;;C;C;71;2
8808563228648;1005055;201563;20;81,12;HANKOOK;PNEUS TOURISME ETE;Ete;215/35 R 17   83Y   HANKOOK   K107 VENTUS S1 EVO  XL ;;215;;35;R;17;;83;Y;;;XL;;;K107 VENTUS S1 EVO;;;;;;;3;;C;C;71;2
8808563228655;1005056;201565;20;111,34;HANKOOK;PNEUS TOURISME ETE;Ete;215/35 R 19   85Y   HANKOOK   K107 VENTUS S1 EVO  XL ;;215;;35;R;19;;85;Y;;;XL;;;K107 VENTUS S1 EVO;;;;;;;3;;C;C;71;2
8808563228617;1005052;201584;20;134,11;HANKOOK;PNEUS TOURISME ETE;Ete;255/30 R 19   91Y   HANKOOK   K107 VENTUS S1 EVO  XL ;;255;;30;R;19;;91;Y;;;XL;;;K107 VENTUS S1 EVO;;;;;;;3;;E;A;72;2
8808563228624;1005053;201587;20;121,2;HANKOOK;PNEUS TOURISME ETE;Ete;275/45 R 19   108Y   HANKOOK   K107 VENTUS S1 EVO  XL ;;275;;45;R;19;;108;Y;;;XL;;;K107 VENTUS S1 EVO;;;;;;;5;;C;B;72;2
4019238368789;03500500000;L525040;20;86,49;CONTINENTAL;PNEUS TOURISME ETE;Ete;215/60 R 15   98H   CONTINENTAL   PREMIUM CONTACT 2  XL ;;215;;60;R;15;;98;H;;TL;XL;;;PREMIUM CONTACT 2;;;;;;;3;;C;B;72;2
4019238341812;03502370000;L525039;49;90,88;CONTINENTAL;PNEUS TOURISME ETE;Ete;215/55 R 17   94W   CONTINENTAL   PREMIUM CONTACT 2   ;;215;;55;R;17;;94;W;;TL;;;;PREMIUM CONTACT 2;;;;;;;3;;E;B;71;2
4019238368710;03502930000;L525037;19;99,53;CONTINENTAL;PNEUS TOURISME ETE;Ete;215/40 R 17   87Y   CONTINENTAL   SPORT CONTACT 3 FR XL ;;215;;40;R;17;;87;Y;;TL;XL;;;SPORT CONTACT 3;;;;;;FR;3;;E;B;72;2
4019238368802;03500510000;L525035;50;74,23;CONTINENTAL;PNEUS TOURISME ETE;Ete;205/60 R 15   91W   CONTINENTAL   PREMIUM CONTACT 2   ;;205;;60;R;15;;91;W;;TL;;;;PREMIUM CONTACT 2;;;;;;;3;;E;B;71;2
4019238337044;03502160000;L525032;38;83,23;CONTINENTAL;PNEUS TOURISME ETE;Ete;205/50 R 16   87W   CONTINENTAL   PREMIUM CONTACT 2   ;;205;;50;R;16;;87;W;;TL;;;;PREMIUM CONTACT 2;;;;;;;2;;E;B;71;2
4019238324365;03501260000;L525031;14;83,48;CONTINENTAL;PNEUS TOURISME ETE;Ete;195/60 R 16   89H   CONTINENTAL   PREMIUM CONTACT 2   ;;195;;60;R;16;;89;H;;TL;;;;PREMIUM CONTACT 2;;;;;;;2;;E;B;71;2
4019238373639;03500200000;L525030;2;58,18;CONTINENTAL;PNEUS TOURISME ETE;Ete;195/60 R 14   86H   CONTINENTAL   PREMIUM CONTACT 2   ;;195;;60;R;14;;86;H;;TL;;;;PREMIUM CONTACT 2;;;;;;;2;;C;B;71;2
4019238331585;03528910000;L525029;34;50,27;CONTINENTAL;PNEUS TOURISME ETE;Ete;195/50 R 15   82T   CONTINENTAL   PREMIUM CONTACT 2 FR   ;;195;;50;R;15;;82;T;;TL;;;;PREMIUM CONTACT 2;;;;;;FR;2;;E;B;71;2
3528707861351;786135;L526119;20;212,18;MICHELIN;PNEUS TOURISME ETE;Ete;275/35 ZR 19   100Y   MICHELIN   PILOT SPORT PS2 * XL ;;275;;35;ZR;19;;100;Y;;TL;XL;;;PILOT SPORT PS2;;;;;;*;3;;E;A;72;2
3528704542857;454285;L526118;4;132,05;MICHELIN;PNEUS TOURISME ETE;Ete;245/35 ZR 18   92Y   MICHELIN   PILOT SPORT PS2 M0 XL ;;245;;35;ZR;18;;92;Y;;TL;XL;;;PILOT SPORT PS2;;;;;;M0;2;;E;A;70;2
3528705724825;572482;L526116;26;104,56;MICHELIN;PNEUS TOURISME ETE;Ete;225/40 ZR 18   92Y   MICHELIN   PILOT SPORT PS2 M0 XL ;;225;;40;ZR;18;;92;Y;;TL;XL;;;PILOT SPORT PS2;;;;;;M0;2;;E;A;70;2
3528705196295;519629;L526087;18;155,54;MICHELIN;PNEUS 4X4 ETE;Ete;255/50 R 19   107H   MICHELIN   LATITUDE TOUR HP M0 XL ;;255;;50;R;19;;107;H;;TL;XL;;;LATITUDE TOUR HP;;;;;;M0;2;;C;C;71;2
3528700472400;047240;L526086;37;111,34;MICHELIN;PNEUS 4X4 ETE;Ete;235/65 R 17   104V   MICHELIN   LATITUDE TOUR M0;;235;;65;R;17;;104;V;;TL;;;;LATITUDE TOUR;;;;;;M0;2;;C;C;71;2
3528701305110;130511;L526080;22;58,89;KLEBER;PNEUS CAMIONNETTE ETE;Ete;195/75 R 16   107/105R   KLEBER   TRANSPRO;;195;;75;R;16;;107/105;R;;;;;;TRANSPRO;;;;;;;2;;E;B;72;2
3528703504597;350459;L526079;28;54,93;KLEBER;PNEUS CAMIONNETTE ETE;Ete;195/70 R 15   104/102R   KLEBER   TRANSPRO;;195;;70;R;15;;104/102;R;;;;;;TRANSPRO;;;;;;;2;;E;B;72;2
3528705730420;573042;L526078;20;64,48;KLEBER;PNEUS CAMIONNETTE ETE;Ete;195/65 R 16   104/102R   KLEBER   TRANSPRO;;195;;65;R;16;;104/102;R;;;;;;TRANSPRO;;;;;;;2;;E;B;72;2
8808563266510;1007592;L526074;20;106,24;HANKOOK;PNEUS TOURISME ETE;Ete;235/50 R 18   97V   HANKOOK   K415;;235;;50;R;18;;97;V;;TL;;;;K415;;;;;;;3;;C;C;70;2
8808563266503;1007591;L526070;14;79,69;HANKOOK;PNEUS TOURISME ETE;Ete;225/55 R 17   97V      OPTIMO K415;;225;;55;R;17;;97;V;;TL;;;;OPTIMO K415;;;;;;;3;;C;E;69;2
8808563284255;1009115;L526045;2;54,35;HANKOOK;PNEUS TOURISME ETE;Ete;195/70 R 15   97T   HANKOOK   K715 OPTIMO HU XL;;195;;70;R;15;;97;T;;;XL;;;K715 OPTIMO HU;;;;;;;2;;E;E;71;2
8019227178050;1780500;202330;4;157,53;PIRELLI;PNEUS 4X4 ETE;Ete;255/50 R 20   109Y   PIRELLI   SCORPION ZERO FSL XL ;;255;;50;R;20;;109;Y;;TL;XL;;;SCORPION ZERO ;;;;;;;2;;C;B;72;2
8019227141764;1417600;11743;22;116,52;PIRELLI;PNEUS 4X4 ETE;Ete;255/55 R 18   109V   PIRELLI   SCORPION ZERO (N0) FSL XL ;;255;;55;R;18;;109;V;;TL;XL;;;SCORPION ZERO;;;;;;N0;2;;E;B;72;2
8808563284088;1009097;L526037;20;54,33;HANKOOK;PNEUS TOURISME ETE;Ete;195/65 R 14   89T   HANKOOK   K715 OPTIMO HU;;195;;65;R;14;;89;T;;;;;;K715 OPTIMO HU;;;;;;;5;;E;E;71;2
8808563283067;1009024;L526036;28;50,81;HANKOOK;PNEUS TOURISME ETE;Ete;195/65 R 14   89H   HANKOOK   K415 HU;;195;;65;R;14;;89;H;;;;;;K415 HU;;;;;;;3;;E;E;70;2
8808563259819;1007060;L526029;20;58,29;HANKOOK;PNEUS TOURISME ETE;Ete;195/50 R 16   84H   HANKOOK   K415 Hyundai;;195;;50;R;16;;84;H;;;;;;K415 KR;;;;;;Hyundai;3;;E;C;69;2
8808563284231;1009112;L526028;32;45,01;HANKOOK;PNEUS TOURISME ETE;Ete;185/80 R 14   91T   HANKOOK   K715 OPTIMO HU;;185;;80;R;14;;91;T;;TL;;;;K715 OPTIMO HU;;;;;;;2;;F;E;70;2
8808563284057;1009094;L526025;10;44,17;HANKOOK;PNEUS TOURISME ETE;Ete;185/70 R 13   86T   HANKOOK   K715 OPTIMO HU;;185;;70;R;13;;86;T;;;;;;K715 OPTIMO HU;;;;;;;5;;F;E;70;2
8808563232553;1005357;L526016;64;55,07;HANKOOK;PNEUS TOURISME ETE;Ete;185/55 R 15   82V   HANKOOK   K406 KR;;185;;55;R;15;;82;V;;;;;;K406 KR;;;;;;;2;;F;C;69;2
3528701046976;104697;L501261;35;36,74;MICHELIN;MOTO SCOOTERS;Ete;100/90 - 10   56J   MICHELIN   S1 TL/TT;;100;;90;-;10;;;;;TL;;;;S1;;;;;;;3;;-;-;-;-
8019227151596;1515900;202960;10;140,47;PIRELLI;PNEUS TOURISME ETE;Ete;245/40 ZR 19   (98Y)   PIRELLI   P ZERO ROSSO DIREZIONALE XL FSL;;245;;40;ZR;19;;98;Y;;TL;XL;;;P ZERO ROSSO DIREZIONALE;;;;;;FSL;3;;C;B;72;2
8019227151473;1514700;202966;2;164,42;PIRELLI;PNEUS TOURISME ETE;Ete;245/45 R 18   100Y   PIRELLI   P ZERO ROSSO  XL ;;245;;45;R;18;;100;Y;;TL;XL;;;P ZERO ROSSO ;;;;;;;3;;E;B;72;2
8019227154092;1540900;202969;20;247,12;PIRELLI;PNEUS TOURISME ETE;Ete;255/30 R 21   93Y   PIRELLI   P ZERO NERO  XL ;;255;;30;R;21;;93;Y;;;XL;;;P ZERO NERO;;;;;;;3;;F;B;73;2
8019227159158;1591500;202976;20;136,23;PIRELLI;PNEUS TOURISME ETE;Ete;255/40 ZR 18   (99Y)   PIRELLI   P ZERO ROSSO M0 FSL XL ;;255;;40;ZR;18;;99;Y;;TL;XL;;;P ZERO ROSSO;;;;;;M0 FSL;3;;E;B;73;2
8019227152166;1521600;202977;33;137,77;PIRELLI;PNEUS TOURISME ETE;Ete;255/40 R 19   96W   PIRELLI   P ZERO ROSSO * FSL;;255;;40;R;19;;96;W;;TL;;;;P ZERO ROSSO;;;;;;* FSL;3;;E;B;72;2
8019227098495;0984900;202980;6;282,1;PIRELLI;PNEUS TOURISME ETE;Ete;255/50 R 18   102Y   PIRELLI   P ZERO ROSSO FSL;;255;;50;ZR;18;;102;Y;;TL;;;;P ZERO ROSSO;;;;;;FSL;3;;E;B;72;2
8019227136302;1363000;202981;2;103,33;PIRELLI;PNEUS 4X4 ETE;Ete;255/55 ZR 18   109Y   PIRELLI   P ZERO ROSSO (N0) FSL XL ;;255;;55;ZR;18;;109;Y;;TL;XL;;;P ZERO ROSSO;;;;;;N0;3;;E;B;73;2
8019227150933;1509300;202988;23;175,23;PIRELLI;PNEUS TOURISME ETE;Ete;275/35 R 18   95Y   PIRELLI   P ZERO ROSSO M0 FSL;;275;;35;R;18;;95;Y;;TL;;;;P ZERO ROSSO;;;;;;M0 FSL;3;;E;B;72;2
8019227158700;1587000;202992;4;200;PIRELLI;PNEUS TOURISME ETE;Ete;275/40 ZR 19   (105Y)   PIRELLI   P ZERO ROSSO (B1) FSL XL ;;275;;40;ZR;19;;105;Y;;TL;XL;;;P ZERO ROSSO;;;;;;B1 FSL;3;;E;B;73;2
8019227159165;1591600;202998;6;157,01;PIRELLI;PNEUS TOURISME ETE;Ete;285/35 ZR 18   (101Y)   PIRELLI   P ZERO ROSSO M0 FSL XL ;;285;;35;ZR;18;;101;Y;;TL;XL;;;P ZERO ROSSO ;;;;;;M0 FSL;4;;E;B;73;2
8019227154702;1547000;203006;4;299,92;PIRELLI;PNEUS TOURISME ETE;Ete;295/30 R 19   100Y   PIRELLI  P ZERO CORSA RIGHT  XL ;;295;;30;R;19;;100;Y;;;XL;;;P ZERO CORSA RIGHT;;;;;;;2;;;;0;0
8019227145298;1452900;203014;2;301,06;PIRELLI;PNEUS TOURISME ETE;Ete;335/30 R 20   104Y   PIRELLI   P ZERO ROSSO N0   ;;335;;30;R;20;;104;Y;;TL;;;;P ZERO ROSSO N0;;;;;;;2;;E;B;75;2
4024068295242;04519300000;203206;6;55,96;UNIROYAL;PNEUS CAMIONNETTE ETE;Ete;175 R 14   99/98Q   UNIROYAL   RAIN MAX;;175;;;R;14;;99/98;Q;;;;;;RAIN MAX;;;;;;;2;;E;C;72;2
3528700570236;057023;L501281;41;39,36;MICHELIN;MOTO SCOOTERS;Ete;120/70 - 12   51L   MICHELIN   BOPPER TL/TT;;120;;70;-;12;;51;L;;TL;;;;BOPPER;;;;;;;3;;-;-;-;-
3528701110318;111031;L501284;1;72,67;MICHELIN;MOTO SCOOTERS;Ete;120/70 R 14   M/C 55H   MICHELIN   PILOT SPORT SC;;120;;70;R;14;;55;H;;TL;;;;PILOT SPORT SC;;;;;;;2;;-;-;-;-
3528700570243;057024;L501299;50;40,5;MICHELIN;MOTO SCOOTERS;Ete;130/70 - 12   56L   MICHELIN   BOPPER TL/TT;;130;;70;-;12;;56;L;;TL;;;;BOPPER;;;;;;;3;;-;-;-;-
3528704489350;448935;L501314;1;81,82;MICHELIN;MOTO SCOOTERS;Ete;160/60 R 14   M/C 65H   MICHELIN   PILOT SPORT SC;;160;;60;R;14;;65;H;;TL;;;;PILOT SPORT SC;;;;;;;2;;-;-;-;-
3528708101005;810100;L501315;19;120,79;MICHELIN;MOTO SCOOTERS;Ete;160/60 R 15   M/C 67H   MICHELIN   PILOT SPORT SC;;160;;60;R;15;;67;H;;TL;;;;PILOT SPORT SC;;;;;;;3;;-;-;-;-
3528700571998;057199;L501318;6;33,82;MICHELIN;MOTO SCOOTERS;Ete;3.00 - 10   42J   MICHELIN   S83 TL/TT;;3.00;;;-;10;;42;J;;TL;;;;S83;;;;;;;2;;-;-;-;-
3528700572032;057203;L501325;16;36,62;MICHELIN;MOTO SCOOTERS;Ete;3.50 - 10   59J   MICHELIN   S83 Reinf  TT/TL;;3.50;;;-;10;;59;J;;TL;Reinf;;;S83;;;;;;;2;;-;-;-;-
4019238370447;04511530000;L525007;4;84,36;CONTINENTAL;PNEUS CAMIONNETTE ETE;Ete;215 R 14   112/110P   CONTINENTAL   VANCO 2   ;;215;;;R;14;;112/110;P;;TL;;;;VANCO 2;;;;;;;2;;C;C;71;2
4019238370430;04511520000;L525006;6;84,22;CONTINENTAL;PNEUS CAMIONNETTE ETE;Ete;205 R 14   109/107P   CONTINENTAL   VANCO 2   ;;205;;;R;14;;109/107;P;;TL;;;;VANCO 2;;;;;;;2;;C;C;71;2
4019238370485;04511590000;L525005;12;71,72;CONTINENTAL;PNEUS CAMIONNETTE ETE;Ete;195/75 R 14   106/104Q   CONTINENTAL   VANCO 2   ;;195;;75;R;14;;106/104;Q;;TL;;;;VANCO 2;;;;;;;2;;C;C;71;2
4019238370478;04511580000;L525004;8;59,08;CONTINENTAL;PNEUS CAMIONNETTE ETE;Ete;185/75 R 14   102/100Q   CONTINENTAL   VANCO 2   ;;185;;75;R;14;;102/100;Q;;TL;;;;VANCO 2;;;;;;;2;;C;C;71;2
4019238370492;04511600000;L525002;3;75,05;CONTINENTAL;PNEUS CAMIONNETTE ETE;Ete;175/75 R 16   101/99R   CONTINENTAL   VANCO 2   ;;175;;75;R;16;;101/99;R;;TL;;;;VANCO 2;;;;;;;3;;E;C;72;2
4019238365603;03545900000;L524999;2;137,4;CONTINENTAL;PNEUS 4X4 ETE;Ete;255/50 R 19   107H   CONTINENTAL   4X4 CONTACT MO ML  XL ;;255;;50;R;19;;107;H;;TL;XL;;;4X4 CONTACT;;;;;;M0 ML;4;;E;C;74;3
4019238353648;03546830000;L524998;20;99,47;CONTINENTAL;PNEUS 4X4 ETE;Ete;235/65 R 17   108V   CONTINENTAL   4X4 CONTACT FR N1  XL ;;235;;65;R;17;;108;V;;TL;XL;;;4X4 CONTACT;;;;;;FR N1;3;;E;C;73;3
3286347852411;78524;L501895;10;167,83;BRIDGESTONE;PNEUS TOURISME ETE;Ete;295/35 ZR 18   99Y   BRIDGESTONE   RE050 ASYMMETRIC;;295;;35;ZR;18;;99;Y;;TL;;;;RE050 ASYMMETRIC;;;;;;WAR;3;;F;C;73;2
5420068631186;;S914427;50;70,29;WANLI;PNEUS TOURISME ETE;Ete;275/45 ZR 19   108W   WANLI   S1063 XL;;275;;45;ZR;19;;108;W;;TL;XL;;;S1063;;;;;;;3;;E;B;73;2
4981910846055;19410137;L502554;5;134,05;TOYO;PNEUS 4X4 ETE;Ete;285/35 R 22   106W   TOYO   PROXES S/T;;285;;35;R;22;;106;W;;TL;;;;PROXES S/T;;;;;;;3;;F;E;74;2
4981910401421;10901804;L502576;14;93,85;TOYO;PNEUS TOURISME COMPETITION;Ete;185/60 R 14   82V   TOYO   PROXES R888;;185;;60;R;14;;82;V;;TL;;;;PROXES R888;;;;;;;3;;F;B;70;2
4981910401391;14111190;L502583;16;105,28;TOYO;PNEUS TOURISME COMPETITION;Ete;195/55 R 15   85V   TOYO   PROXES R888;;195;;55;R;15;;85;V;;TL;;;;PROXES R888;;;;;;;1;;F;B;69;2
4981910882886;18860201;L502584;20;58,65;TOYO;PNEUS TOURISME ETE;Ete;195/55 R 16   91V   TOYO   PROXES T1R XL ;;195;;55;R;16;;91;V;;TL;XL;;;PROXES T1R;;;;;;;3;;F;C;70;2
4981910851417;19770109;L502595;20;78,51;TOYO;PNEUS TOURISME ETE;Ete;205/35 R 18   81Y   TOYO   PROXES T1R XL ;;205;;35;R;18;;81;Y;;TL;XL;;;PROXES T1R;;;;;;;1;;G;E;71;2
4981910402046;2311500;L502599;50;60,49;TOYO;PNEUS TOURISME ETE;Ete;205/45 R 15   81V   TOYO   PROXES T1R  ;;205;;45;R;15;;81;V;;TL;;;;PROXES T1R;;;;;;;3;;F;C;70;2
4981910401643;15090448;L502600;50;58,57;TOYO;PNEUS TOURISME ETE;Ete;205/45 R 16   87W   TOYO   PROXES T1R XL ;;205;;45;R;16;;87;W;;TL;XL;;;PROXES T1R;;;;;;;3;;F;C;70;2
4981910401568;13610541;L502602;4;53,6;TOYO;PNEUS TOURISME ETE;Ete;205/50 R 15   89V   TOYO   PROXES T1R XL;;205;;50;R;15;;89;V;;TL;XL;;;PROXES T1R;;;;;;;2;;F;C;70;2
4981910401186;13630496;L502607;50;103,94;TOYO;PNEUS TOURISME COMPETITION;Ete;205/55 R 16   90W   TOYO   PROXES R888;;205;;55;R;16;;90;W;;TL;;;;PROXES R888;;;;;;;3;;F;B;69;2
4981910402053;14520422;L502635;33;73,47;TOYO;PNEUS TOURISME ETE;Ete;225/45 R 16   93W   TOYO   PROXES T1R XL ;;225;;45;R;16;;93;W;;TL;XL;;;PROXES T1R;;;;;;;1;;F;C;70;2
4981910827245;13640521;L502639;12;140,99;TOYO;PNEUS TOURISME COMPETITION;Ete;225/50 R 16   92W   TOYO   PROXES R888;;225;;50;R;16;;92;W;;TL;;;;PROXES R888;;;;;;;1;;F;C;69;2
4981910851424;19780104;L502646;5;129,17;TOYO;PNEUS TOURISME ETE;Ete;235/30 R 18   85Y   TOYO   PROXES T1R XL ;;235;;30;R;18;;85;Y;;TL;XL;;;PROXES T1R;;;;;;;1;;F;C;70;2
4981910837848;15690348;L502647;3;148,25;TOYO;PNEUS TOURISME COMPETITION;Ete;235/40 R 17   90W   TOYO   PROXES R888;;235;;40;R;17;;90;W;;TL;;;;PROXES R888;;;;;;;1;;F;C;69;2
4981910401254;14720588;L502650;4;131,27;TOYO;PNEUS TOURISME COMPETITION;Ete;235/45 R 17   93W   TOYO   PROXES R888;;235;;45;R;17;;93;W;;TL;;;;PROXES R888;;;;;;;1;;F;C;69;2
4981910846727;16980781;L502652;30;105,22;TOYO;PNEUS TOURISME ETE;Ete;235/50 R 16   95W   TOYO   PROXES T1R  ;;235;;50;R;16;;95;W;;TL;;;;PROXES T1R;;;;;;;1;;F;C;70;2
4981910844068;16410160;L502661;6;127,21;TOYO;PNEUS TOURISME ETE;Ete;245/55 R 16   100W   TOYO   PROXES T1R  ;;245;;55;R;16;;100;W;;TL;;;;PROXES T1R;;;;;;;1;;F;C;70;2
4981910401193;14730559;L502667;6;137,25;TOYO;PNEUS TOURISME COMPETITION;Ete;255/40 R 17   94W   TOYO   PROXES R888;;255;;40;R;17;;94;W;;TL;;;;PROXES R888;;;;;;;3;;F;C;69;1
4981910800019;10020026;L503041;98;54,69;TOYO;PNEUS TOURISME ETE;Ete;195/40 R 16   80V   TOYO   PROXES T1R XL ;;195;;40;R;16;;80;V;;TL;XL;;;PROXES T1R;;;;;;;1;;F;C;70;2
4981910827023;13590885;L503043;22;89,86;TOYO;PNEUS TOURISME COMPETITION;Ete;195/50 R 15   82V   TOYO   PROXES R888;;195;;50;R;15;;82;V;;TL;;;;PROXES R888;;;;;;;3;;F;C;69;2
4981910834939;15050934;L503059;20;231,29;TOYO;PNEUS TOURISME COMPETITION;Ete;245/40 R 18   93Y   TOYO   PROXES R888;;245;;40;R;18;;93;Y;;TL;;;;PROXES R888;;;;;;;5;;F;C;69;2
4981910856795;16580333;L503060;4;179,82;TOYO;PNEUS TOURISME COMPETITION;Ete;255/35 R 18   94Y   TOYO   PROXES R888 XL;;255;;35;R;18;;94;Y;;TL;XL;;;PROXES R888;;;;;;;3;;F;C;69;1
4981910856726;12460031;L503062;2;175,74;TOYO;PNEUS TOURISME COMPETITION;Ete;285/30 R 18   97Y   TOYO   PROXES R888;;285;;30;R;18;;97;Y;;TL;;;;PROXES R888;;;;;;;1;;F;C;72;1
4981910856733;13500134;L503064;2;185,82;TOYO;PNEUS TOURISME COMPETITION;Ete;295/30 R 18   98Y   TOYO   PROXES R888;;295;;30;R;18;;98;Y;;TL;;;;PROXES R888;;;;;;;3;;F;C;72;1
3286347853616;78536;L504743;20;157,03;BRIDGESTONE;PNEUS 4X4 ETE;Ete;255/55 R 18   105V   BRIDGESTONE   EL42 *;;255;;55;R;18;;105;V;;TL;;;;EL42;;;;;;*;5;;E;E;72;2
3286347838217;78382;L504758;4;86,97;BRIDGESTONE;PNEUS CAMIONNETTE ETE;Ete;195/65 R 16   100T   BRIDGESTONE   DURAVIS R410;;195;;65;R;16;;100;T;;;;;;DURAVIS R410;;;;;;;3;;E;B;73;3
3286347858611;78586;L504786;8;66,66;BRIDGESTONE;PNEUS TOURISME ETE;Ete;205/55 R 16   91V   BRIDGESTONE   TURANZA ER300 * RFT;;205;;55;R;16;;91;V;;TL;;;;TURANZA ER300;;RFT;;;;* WAR;3;;F;B;71;2
3286347860911;78609;L504792;20;125,22;BRIDGESTONE;PNEUS TOURISME ETE;Ete;225/35 ZR 19   84Y   BRIDGESTONE   RE050 ASYMMETRIC;;225;;35;ZR;19;;84;Y;;TL;;;;RE050 ASYMMETRIC;;;;;;FR;5;;F;C;71;2
3286347725715;77257;200543;20;142,63;BRIDGESTONE;PNEUS TOURISME ETE;Ete;245/45 R 18   100Y   BRIDGESTONE   POTENZA RE050 M0 XL;;245;;45;R;18;;100;Y;;TL;XL;;;POTENZA RE050 SYMMETRIC;;;;;;M0 WAR;5;;E;C;73;3
3286347839917;78399;200541;3;104,71;BRIDGESTONE;PNEUS TOURISME ETE;Ete;245/45 R 18   96Y   BRIDGESTONE   POTENZA RE050 M0;;245;;45;R;18;;96;Y;;TL;;;;POTENZA RE050;;;;;;M0;2;;E;C;71;2
3286347861017;78610;L504809;20;180,23;BRIDGESTONE;PNEUS TOURISME ETE;Ete;285/35 ZR 19   99Y   BRIDGESTONE   RE050 ASYMMETRIC;;285;;35;ZR;19;;99;Y;;TL;;;;RE050 ASYMMETRICBZ;;;;;;WAR;5;;E;C;73;2
3528703418696;341869;L504841;10;46,5;KLEBER;PNEUS TOURISME ETE;Ete;155/65 R 14   75T   KLEBER   VIAXER;;155;;65;R;14;;75;T;;;;;;VIAXER;;;;;;;3;;F;C;68;2
3528704638765;463876;L504876;15;185,79;MICHELIN;PNEUS 4X4 ETE;Ete;275/40 R 20   106Y   MICHELIN   DIAMARIS N1 XL;;275;;40;R;20;;106;Y;;TL;XL;;;DIAMARIS;;;;;;N1;2;;C;B;71;2
3528705750299;575029;L504910;2;249,7;MICHELIN;POIDS LOURDS ETE;Ete;205/75 R 17,5   124/122M   MICHELIN   XDE 2;;205;;75;R;17,5;;124/122;M;;;;;;XDE 2;;;;;;;2;;E;C;74;2
3528704705139;470513;L504917;18;298,84;MICHELIN;POIDS LOURDS ETE;Ete;245/70 R 19,5   141/140J   MICHELIN   XTE2;;245;;70;R;19,5;;141/140;J;;;;;;XTE2;;;;;;;2;;C;B;67;1
3528708446281;844628;L504955;20;115,36;MICHELIN;PNEUS TOURISME ETE;Ete;225/40 ZR 18   88Y   MICHELIN   PILOT SPORT PS2 * ZP;;225;;40;ZR;18;;88;Y;;TL;;;;PILOT SPORT PS2;;ZP;;;;*;5;;F;B;69;2
3528701362878;136287;L504979;17;215,46;MICHELIN;PNEUS TOURISME COMPETITION;Ete;295/30 R 18   94Y   MICHELIN   PILOT SPORT CUP    ;;295;;30;R;18;;94;Y;;TL;;;;PILOT SPORT CUP ;;;;;;;2;;F;E;75;3
8808563283210;1009039;L526011;15;35,35;HANKOOK;PNEUS TOURISME ETE;Ete;175/70 R 13   82H   HANKOOK   K415  OPTIMO;;175;;70;R;13;;82;H;;TL;;;;K415  OPTIMO;;;;;;;2;;F;E;70;2
4038526256737;560532;L505766;12;360,53;DUNLOP;POIDS LOURDS ETE;Ete;13 R 22,5   156G154K   DUNLOP   SP382;;13;;;R;22,5;;156;G;;TL;;;;SP382;;;;;;;3;;D;B;68;1
4038526260000;560670;L505773;8;391,61;DUNLOP;POIDS LOURDS ETE;Ete;315/80 R 22,5   156/150K   DUNLOP   SP382;;315;;80;R;22,5;;156/150;K;;TL;;;;SP382;;;;;;;3;;D;B;69;1
4038526256522;560521;L505776;4;351,26;DUNLOP;POIDS LOURDS ETE;Ete;385/65 R 22,5   160J158K  DUNLOP   SP282;;385;;65;R;22,5;;160;J;;TL;;;;SP282;;;;;;;2;;C;B;72;2
4038526260048;560674;L505777;12;393,51;DUNLOP;POIDS LOURDS ETE;Ete;385/65 R 22,5   160K158L   DUNLOP   SP382;;385;;65;R;22,5;;160;K;;TL;;;;SP382;;;;;;;3;;C;B;69;1
8019227111248;1112400;L506667;16;123,84;PIRELLI;PNEUS TOURISME ETE;Ete;245/40 ZR 18   97Y   PIRELLI   P ZERO ASIMMETRICO XL;;245;;40;ZR;18;;97;Y;;TL;XL;;;P ZERO ASIMMETRICO;;;;;;;2;;F;B;71;2
8019227089868;0898600;L506695;20;543,29;PIRELLI;PNEUS TOURISME ETE;Ete;345/35 ZR 15   95Y   PIRELLI   P ZERO ASIMMETRICO   ;;345;;35;ZR;15;;95;Y;;TL;;;;P ZERO ASIMMETRICO;;;;;;;5;;F;B;74;2
4038526261335;516348;L507084;10;81,97;DUNLOP;PNEUS TOURISME HIVER;Hiver;215/65 R 16   98H   DUNLOP   SP WINTER SPORT 3D   ;;215;;65;R;16;;98;H;;TL;;;;SP WINTER SPORT 3D;;;;;;;3;;E;E;69;2
4038526261373;516373;L507099;27;140,34;DUNLOP;PNEUS TOURISME HIVER;Hiver;245/45 R 17   95H   DUNLOP   SP WINTER SPORT 3D MFS   ;;245;;45;R;17;;95;H;;TL;;;;SP WINTER SPORT 3D;;;;;;MFS;2;;F;C;70;2
5452000768308;516620;L507173;36;116,52;GOODYEAR;PNEUS TOURISME HIVER;Hiver;205/50 R 17   89H   GOOD YEAR   ULTRAGRIP GW3 * FP ROF;;205;;50;R;17;;89;H;;TL;;;;ULTRAGRIP GW3;;ROF;;;;* FP;2;;F;C;66;1
5452000768322;516622;L507186;4;114,92;GOODYEAR;PNEUS TOURISME HIVER;Hiver;225/45 R 17   91H   GOOD YEAR   ULTRAGRIP GW3 * FP ROF;;225;;45;R;17;;91;H;;TL;;;;ULTRAGRIP GW3;;ROF;;;;* FP;3;;E;C;68;1
3528701619026;161902;L507206;28;44,67;KLEBER;PNEUS TOURISME ETE;Ete;165/60 R 14   75T   KLEBER   VIAXER;;165;;60;R;14;;75;T;;TL;;;;VIAXER;;;;;;;3;;F;C;68;2
8019227235425;2354200;Z1145451;20;141,21;PIRELLI;PNEUS 4X4 4 SAISONS;Quatre saisons;265/50 R 20   107V   PIRELLI   SCORPION VERDE ALL SEASON FSL;;265;;50;R;20;;107;V;;TL;;;;SCORPION VERDE ALL SEASON;;;;;;;2;;C;B;71;2
8019227157185;1571800;L507308;11;85,65;PIRELLI;PNEUS TOURISME HIVER;Hiver;225/55 R 16   95H   PIRELLI   W210 SOTTOZERO  MO   ;;225;;55;R;16;;95;H;;;;;;W210 SOTTOZERO;;;;;;M0;2;;E;C;72;2
8019227157147;1571400;L507320;20;102,08;PIRELLI;PNEUS TOURISME HIVER;Hiver;235/55 R 17   99V   PIRELLI   W240 SOTTOZERO (M0)   ;;235;;55;R;17;;99;V;;TL;;;;W240 SOTTOZERO;;;;;;M0;5;;E;C;72;2
8019227151657;1516500;L507329;18;178,21;PIRELLI;PNEUS TOURISME HIVER;Hiver;285/40 R 19   103V   PIRELLI   W240 SOTTOZERO    ;;285;;40;R;19;;103;V;;TL;;;;W240 SOTTOZERO ;;;;;;;3;;E;C;73;2
3286347891618;78916;L507418;19;127,38;BRIDGESTONE;PNEUS 4X4 HIVER;Hiver;265/70 R 16   112T   BRIDGESTONE   BLIZZAK LM25 4X4;;265;;70;R;16;;112;T;;TL;;;;BLIZZAK LM25 4X4;;;;;;;3;;F;F;73;2
3286347866913;78669;L507509;4;79,66;BRIDGESTONE;PNEUS TOURISME ETE;Ete;215/45 R 17   87V   BRIDGESTONE   RE050 M0;;215;;45;R;17;;87;V;;TL;;;;RE050;;;;;;M0 WAR;2;;F;C;71;2
3286347852718;78527;L507510;10;97,79;BRIDGESTONE;PNEUS TOURISME ETE;Ete;215/45 R 17   87V   BRIDGESTONE   RE050 SYMETRIC M0 EXTENDED;;215;;45;R;17;;87;V;;TL;;;;RE050;;EXT;;;;M0 WAR;3;;F;B;69;2
3286347853319;78533;L507514;12;100,94;BRIDGESTONE;PNEUS TOURISME ETE;Ete;225/45 R 17   91W   BRIDGESTONE   RE050 SYMMETRIC M0 EXT;;225;;45;R;17;;91;W;;TL;;;;RE050TZ;;EXT;;;;M0 CLASS C;3;;F;C;72;3
3286347895715;78957;L507515;8;113,89;BRIDGESTONE;PNEUS TOURISME ETE;Ete;225/50 R 16   92W   BRIDGESTONE   POTENZA RE050 I * RFT;;225;;50;R;16;;92;W;;TL;;;;POTENZA RE050 I;;RFT;;;;* WAR;3;;E;C;71;2
3286347887512;78875;L507523;20;44;BRIDGESTONE;PNEUS TOURISME HIVER;Hiver;175/65 R 13   80T   BRIDGESTONE   LM20;;175;;65;R;13;;80;T;;;;;;LM20;;;;;;;5;;F;C;72;3
3286347888915;78889;L507537;19;145,78;BRIDGESTONE;PNEUS TOURISME HIVER;Hiver;205/45 R 16   83H   BRIDGESTONE   BLIZZAK LM25;;205;;45;R;16;;83;H;;;;;;BLIZZAK LM25;;;;;;;3;;G;E;71;2
3286347887918;78879;L507548;2;96,24;BRIDGESTONE;PNEUS TOURISME HIVER;Hiver;225/60 R 16   98H   BRIDGESTONE   BLIZZAK LM25;;225;;60;R;16;;98;H;;TL;;;;BLIZZAK LM25;;;;;;;3;;F;C;74;3
3286347906916;79069;L507549;3;153,04;BRIDGESTONE;PNEUS TOURISME HIVER;Hiver;245/45 R 17   99V   BRIDGESTONE   BLIZZAK LM25 XL RFT;;245;;45;R;17;;99;V;;TL;XL;;;BLIZZAK LM25;;RFT;;;;;2;;F;C;71;2
3286347827419;78274;L507551;20;138,12;BRIDGESTONE;PNEUS TOURISME HIVER;Hiver;245/45 R 18   96V   BRIDGESTONE   BLIZZAK LM25 * RFT;;245;;45;R;18;;96;V;;TL;;;;BLIZZAK LM25;;RFT;;;;*;3;;F;E;72;2
4019238233896;03547680000;L507556;20;99,67;CONTINENTAL;PNEUS 4X4 HIVER;Hiver;215/60 R 17   FR 96H   CONTINENTAL   4X4 WINTER CONTACT  ;;215;;60;R;17;;FR96;H;;;;;;4X4 WINTER CONTACT;;;;;;;5;;F;E;72;2
4019238313000;03547700000;L507565;20;104,22;CONTINENTAL;PNEUS 4X4 HIVER;Hiver;235/55 R 17   99H   CONTINENTAL   4X4 WINTER CONTACT*  ;;235;;55;R;17;;99;H;;;;;;4X4 WINTER CONTACT*;;;;;;;5;;E;E;72;2
4019238176858;03536890000;L507567;20;118,36;CONTINENTAL;PNEUS 4X4 HIVER;Hiver;235/65 R 17   104H   CONTINENTAL   4X4 WINTER CONTACT *;;235;;65;R;17;;104;H;;TL;;;;4X4 WINTER CONTACT;;;;;;*;3;;E;E;72;2
4019238214666;03546260000;L507574;32;118,58;CONTINENTAL;PNEUS 4X4 HIVER;Hiver;255/55 R 18   105H   CONTINENTAL   4X4 WINTER CONTACT  ;;255;;55;R;18;;105;H;;TL;;;;4X4 WINTER CONTACT;;;;;;;4;;E;E;73;2
4019238278699;03546460000;L507582;13;151,21;CONTINENTAL;PNEUS 4X4 HIVER;Hiver;275/55 R 17   109H   CONTINENTAL   4X4 WINTER CONTACT  ;;275;;55;R;17;;109;H;;TL;;;;4X4 WINTER CONTACT;;;;;;;4;;E;C;73;2
4019238314441;03532330000;L507606;4;54,55;CONTINENTAL;PNEUS TOURISME HIVER;Hiver;175/65 R 13   80T   CONTINENTAL   TS 800  ;;175;;65;R;13;;80;T;;;;;;TS 800;;;;;;;2;;E;C;71;2
4019238312867;03533950000;L507620;24;125,23;CONTINENTAL;PNEUS TOURISME HIVER;Hiver;205/50 R 17   93V   CONTINENTAL   WINTERCONTACT TS 810 S XL SSR;;205;;50;R;17;;93;V;;;XL;;;WINTERCONTACT TS 810 S;;SSR;;;;;2;;E;E;72;2
4019238279252;03533490000;L507625;8;76,41;CONTINENTAL;PNEUS TOURISME HIVER;Hiver;205/60 R 16   92H   CONTINENTAL   TS 810 MO ML ;;205;;60;R;16;;92;H;;;ML;;;TS 810 MO;;;;;;;2;;E;C;72;2
4019238378566;03530150000;L507631;8;120,65;CONTINENTAL;PNEUS TOURISME HIVER;Hiver;225/45 R 17   91H   CONTINENTAL   WINTERCONTACT TS 810 S FR  SSR;;225;;45;R;17;;91;H;;;;;;WINTERCONTACT TS 810 S FR;;SSR;;;;;4;;F;E;72;2
4019238279238;03533470000;L507642;100;107,87;CONTINENTAL;PNEUS TOURISME HIVER;Hiver;235/55 R 17   99V   CONTINENTAL   WINTERCONTACT TS 810 S M ML ;;235;;55;R;17;;99;V;;;ML;;;WINTERCONTACT TS 810 S M;;;;;;;3;;E;C;72;2
4019238311648;03533900000;L507646;4;140,23;CONTINENTAL;PNEUS TOURISME HIVER;Hiver;245/45 R 17   99V   CONTINENTAL   WINTERCONTACT TS 810 S MO XL ;;245;;45;R;17;;99;V;;;XL;;;WINTERCONTACT TS 810 S MO;;;;;;;3;;E;C;72;2
4019238316902;03532780000;L507649;4;168,84;CONTINENTAL;PNEUS TOURISME HIVER;Hiver;255/45 R 17   102V   CONTINENTAL   WINTERCONTACT TS 810 S FR MO XL ;;255;;45;R;17;;102;V;;;XL;;;WINTERCONTACT TS 810 S FR MO;;;;;;;2;;E;C;73;2
4019238295016;03533750000;L507650;2;156,33;CONTINENTAL;PNEUS TOURISME HIVER;Hiver;255/45 R 18   99V   CONTINENTAL   WINTERCONTACT TS 810 S FR MO  ;;255;;45;R;18;;99;V;;;;;;WINTERCONTACT TS 810 S FR MO;;;;;;;2;;E;C;72;2
8808563284040;1009093;L526003;24;35,35;HANKOOK;PNEUS TOURISME ETE;Ete;165/80 R 13   83T   HANKOOK   K715 OPTIMO HU;;165;;80;R;13;;83;T;;;;;;K715 OPTIMO HU;;;;;;;2;;F;E;70;2
8808563284033;1009092;L526002;65;35,95;HANKOOK;PNEUS TOURISME ETE;Ete;165/80 R 13   87R   HANKOOK   K715 OPTIMO HU XL;;165;;80;R;13;;87;R;;;XL;;;K715 OPTIMO HU;;;;;;;2;;F;E;70;2
4038526252333;515548;L520572;13;87;DUNLOP;PNEUS TOURISME HIVER;Hiver;205/50 R 17   93H   DUNLOP   SP WINTER SPORT 3D MFS XL ;;205;;50;R;17;;93;H;;TL;XL;;;SP WINTER SPORT 3D;;;;;;MFS;2;;E;E;68;1
4038526269928;517322;L520575;25;80,58;DUNLOP;PNEUS TOURISME HIVER;Hiver;205/55 R 16   91H   DUNLOP   SP WINTER SPORT M3 * MFS ROF;;205;;55;R;16;;91;H;;TL;;;;SP WINTER SPORT M3;;ROF;;;;* MFS;2;;F;C;68;1
4038526269966;517326;L520585;74;130,74;DUNLOP;PNEUS TOURISME HIVER;Hiver;225/50 R 17   94H   DUNLOP   SP WINTER SPORT M3 * MFS ROF;;225;;50;R;17;;94;H;;TL;;;;SP WINTER SPORT M3;;ROF;;;;* MFS;3;;F;E;67;1
4038526270061;517336;L520596;50;142,79;DUNLOP;PNEUS TOURISME HIVER;Hiver;245/45 R 18   96V   DUNLOP   SP WINTER SPORT M3 * ROF;;245;;45;R;18;;96;V;;TL;;;;SP WINTER SPORT M3;;ROF;;;;* ;2;;F;C;69;2
4038526279972;518281;L520597;50;163,41;DUNLOP;PNEUS TOURISME HIVER;Hiver;245/50 R 18   100H   DUNLOP   SP WINTER SPORT 3D * MFS ROF;;245;;50;R;18;;100;H;;TL;;;;SP WINTER SPORT 3D;;ROF;;;;* MFS;2;;F;E;69;1
4038526261953;516381;L520598;6;225,91;DUNLOP;PNEUS TOURISME HIVER;Hiver;255/30 R 19   91W   DUNLOP   SP WINTER SPORT 3D XL ;;255;;30;R;19;;91;W;;TL;XL;;;SP WINTER SPORT 3D;;;;;;;3;;E;C;70;1
4019238337716;03544020000;L520914;6;82,85;CONTINENTAL;PNEUS 4X4 HIVER;Hiver;205/70 R 15   96T   CONTINENTAL   CROSS CONTACT WINTER  ;;205;;70;R;15;;96;T;;;;;;CROSS CONTACT WINTER;;;;;;;3;;E;C;72;2
4019238337778;03544080000;L520919;20;111;CONTINENTAL;PNEUS 4X4 HIVER;Hiver;225/75 R 16   104T   CONTINENTAL   CROSS CONTACT WINTER  ;;225;;75;R;16;;104;T;;;;;;CROSS CONTACT WINTER;;;;;;;5;;E;C;72;2
4019238203042;03547250000;L520921;20;130,73;CONTINENTAL;PNEUS 4X4 HIVER;Hiver;235/60 R 18   107H   CONTINENTAL   4X4 WINTER CONTACT FR XL ;;235;;60;R;18;;107;H;;;XL;;;4X4 WINTER CONTACT FR;;;;;;;3;;E;C;72;2
4019238311266;03546880000;L520922;52;117,7;CONTINENTAL;PNEUS 4X4 HIVER;Hiver;235/65 R 17   104H   CONTINENTAL   4X4 WINTER CONTACT M0 ML;;235;;65;R;17;;104;H;;TL;;;;4X4 WINTER CONTACT;;;;;;M0 ML;3;;E;C;72;2
4019238337792;03544090000;L520924;2;100,78;CONTINENTAL;PNEUS 4X4 HIVER;Hiver;235/70 R 16   106T   CONTINENTAL   CROSS CONTACT WINTER  ;;235;;70;R;16;;106;T;;;;;;CROSS CONTACT WINTER;;;;;;;2;;E;C;72;2
4019238342048;04402020000;L520926;4;127,27;CONTINENTAL;PNEUS 4X4 HIVER;Hiver;245/75 R 16   120/116Q   CONTINENTAL   CROSS CONTACT WINTER  ;;245;;75;R;16;;120/116;Q;;;;;;CROSS CONTACT WINTER;;;;;;;3;;E;C;73;2
4019238373622;03500190000;L525024;20;62,71;CONTINENTAL;PNEUS TOURISME ETE;Ete;175/80 R 14   88H   CONTINENTAL   ECO CONTACT 3   ;;175;;80;R;14;;88;H;;TL;;;;ECO CONTACT 3;;;;;;;3;;E;B;70;2
4019238368796;03500490000;L525023;3;59,43;CONTINENTAL;PNEUS TOURISME ETE;Ete;175/60 R 14   79H   CONTINENTAL   PREMIUM CONTACT 2   ;;175;;60;R;14;;79;H;;TL;;;;PREMIUM CONTACT 2;;;;;;;4;;E;B;70;2
4019238331578;03528900000;L525022;38;56,65;CONTINENTAL;PNEUS TOURISME ETE;Ete;175/55 R 15   77T   CONTINENTAL   PREMIUM CONTACT 2 FR   ;;175;;55;R;15;;77;T;;TL;;;;PREMIUM CONTACT 2;;;;;;FR;2;;E;C;70;2
4019238331561;03528890000;L525021;37;56,65;CONTINENTAL;PNEUS TOURISME ETE;Ete;175/55 R 15   77T   CONTINENTAL   ECO CONTACT 3 FR   ;;175;;55;R;15;;77;T;;TL;;;;ECO CONTACT 3;;;;;;FR;2;;E;B;70;2
8808563283012;1009019;L525999;60;35,35;HANKOOK;PNEUS TOURISME ETE;Ete;165/70 R 13   83T   HANKOOK   K715 OPTIMO HU XL;;165;;70;R;13;;83;T;;;XL;;;K715 OPTIMO HU;;;;;;;2;;F;E;70;2
4019238313796;03546640000;L520930;5;99,45;CONTINENTAL;PNEUS 4X4 HIVER;Hiver;255/55 R 18   105H   CONTINENTAL   4X4 WINTER CONTACT ML MO  ;;255;;55;R;18;;105;H;;TL;;;;4X4 WINTER CONTACT;;;;;;M0 ML;3;;E;C;73;2
4019238315011;03545550000;L520931;20;143,4;CONTINENTAL;PNEUS 4X4 HIVER;Hiver;255/55 R 18   109H   CONTINENTAL   4X4 WINTER CONTACT XL SSR;;255;;55;R;18;;109;H;;TL;XL;;;4X4 WINTER CONTACT;;SSR;;;;;3;;F;E;73;2
4019238337815;03544110000;L520933;4;119,08;CONTINENTAL;PNEUS 4X4 HIVER;Hiver;255/65 R 16   109H   CONTINENTAL   CROSS CONTACT WINTER  ;;255;;65;R;16;;109;H;;TL;;;;CROSS CONTACT WINTER;;;;;;;3;;E;C;73;2
4019238293999;03547280000;L520934;27;162,54;CONTINENTAL;PNEUS 4X4 HIVER;Hiver;265/60 R 18   110H   CONTINENTAL   4X4 WINTER CONTACT M0 ML;;265;;60;R;18;;110;H;;TL;;;;4X4 WINTER CONTACT;;;;;;M0 ML;3;;E;C;73;2
4019238351163;03544170000;L520937;9;211,19;CONTINENTAL;PNEUS 4X4 HIVER;Hiver;295/40 R 20   110V   CONTINENTAL   CROSS CONTACT WINTER XL ;;295;;40;R;20;;110;V;;TL;XL;;;CROSS CONTACT WINTER;;;;;;;4;;C;C;75;2
4019238328790;04733450000;L520938;20;136,45;CONTINENTAL;PNEUS CAMIONNETTE HIVER;Hiver;225/75 R 16   116/114R   CONTINENTAL   VANCO WINTER 2  ;;225;;75;R;16;;116/114;R;;;;;;VANCO WINTER 2;;;;;;;3;;E;C;73;2
3286347908712;79087;L508974;21;81,01;BRIDGESTONE;PNEUS 4X4 ETE;Ete;255/70 R 15   112/110S   BRIDGESTONE   DUELER D840;;255;;70;R;15;;112/110;S;;;;;;DUELER D840;;;;;;;2;;B;C;72;2
3286347903717;79037;L509009;2;126,71;BRIDGESTONE;PNEUS 4X4 ETE;Ete;255/50 R 19   103W   BRIDGESTONE   ER30 M0;;255;;50;R;19;;103;W;;TL;;;;ER30;;;;;;M0;2;;E;B;72;2
3286347885211;78852;L509013;18;107,95;BRIDGESTONE;PNEUS TOURISME ETE;Ete;215/45 R 18   93Y   BRIDGESTONE   RE050 ASYMMETRIC XL;;215;;45;R;18;;93;Y;;TL;XL;;;RE050 ASYMMETRIC;;;;;;;2;;E;C;70;2
3286347868313;78683;L509015;6;87,97;BRIDGESTONE;PNEUS TOURISME ETE;Ete;215/55 R 16   97Y   BRIDGESTONE   TURANZA ER300 XL;;215;;55;R;16;;97;Y;;TL;XL;;;TURANZA ER300;;;;;;;2;;E;C;72;2
3286347875717;78757;L509018;3;117,45;BRIDGESTONE;PNEUS TOURISME ETE;Ete;235/60 R 16   100W   BRIDGESTONE   POTENZA RE040;;235;;60;R;16;;100;W;;TL;;;;POTENZA RE040;;;;;;;3;;E;C;71;2
3286347864919;78649;L509021;2;144,37;BRIDGESTONE;PNEUS TOURISME ETE;Ete;245/50 R 17   99W   BRIDGESTONE   POTENZA RE050 SYMMETRIC * RFT;;245;;50;R;17;;99;W;;TL;;;;POTENZA RE050;;RFT;;;;* WAR;2;;F;C;71;2
3528703136927;313692;L509162;20;172,46;MICHELIN;PNEUS TOURISME ETE;Ete;255/35 ZR 18   90Y   MICHELIN   PILOT SPORT PS2 * ZP;;255;;35;ZR;18;;90;Y;;TL;;;;PILOT SPORT PS2 ;;ZP;;;;*;3;;F;B;70;2
3528702927014;292701;L509400;10;474,8;MICHELIN;POIDS LOURDS 4 SAISONS;Quatre saisons;315/70 R 22,5   154L   MICHELIN   XFN 2 ANTI-SPLASH;;315;;70;R;22,5;;154;L;;TL;;;;XFN 2 ANTI-SPLASH;;;;;;;3;;D;C;72;2
3528702336960;233696;L509402;5;518,58;MICHELIN;POIDS LOURDS 4 SAISONS;Quatre saisons;385/65 R 22,5   158L   MICHELIN   XFN2 ANTI-SPLAS;;385;;65;R;22,5;;158;L;;;;;;XFN2 ANTI-SPLAS;;;;;;;3;;D;C;72;2
4038526257871;560575;L509559;53;101,43;DUNLOP;PNEUS 4X4 ETE;Ete;225/65 R 18   103H   DUNLOP   GRANDTREK ST20 LHD   ;;225;;65;R;18;;103;H;;TL;;;;GRANDTREK ST20;;;;;;LHD;3;;C;E;71;2
3286347835810;78358;L512167;14;129,73;BRIDGESTONE;PNEUS TOURISME ETE;Ete;265/40 R 18   97Y   BRIDGESTONE   RE050 SYMMETRIC M0 EXTENDED;;265;;40;R;18;;97;Y;;TL;;;;RE050 Z;;EXT;;;;M0 WAR;3;;E;C;73;3
3286347852114;78521;L512170;20;137,09;BRIDGESTONE;PNEUS TOURISME ETE;Ete;245/45 ZR 18   96Y   BRIDGESTONE   RE050 ASYMMETRIC RFT;;245;;45;ZR;18;;96;Y;;TL;;;;RE050 ASYMMETRIC;;RFT;;;;WAR;3;;F;C;71;2
3286347754418;77544;L512171;20;227,07;BRIDGESTONE;PNEUS TOURISME ETE;Ete;275/35 R 18   95W   BRIDGESTONE   RE050 ASYMMETRIC * RFT;;275;;35;R;18;;95;W;;TL;;;;RE050 ASYMMETRIC;;RFT;;;;* SERIE 5;5;;F;C;73;3
3286347863110;78631;L512172;16;231,9;BRIDGESTONE;PNEUS TOURISME ETE;Ete;285/40 R 18   101Y   BRIDGESTONE   RE050 SYMMETRIC RFT;;285;;40;R;18;;101;Y;;TL;;;;RE050 Z;;RFT;;;;WAR;2;;F;C;73;2
4038526266729;561066;L512177;50;79,98;DUNLOP;PNEUS 4X4 ETE;Ete;215/60 R 17   96H   DUNLOP   GRANDTREK ST20 LHD;;215;;60;R;17;;96;H;;TL;;;;GRANDTREK ST20;;;;;;LHD;2;;E;E;70;2
4038526262721;560804;L512178;7;85,66;DUNLOP;PNEUS 4X4 HIVER;Hiver;225/65 R 18   103Q   DUNLOP   GRANDTREK SJ6   ;;225;;65;R;18;;103;Q;;TL;;;;GRANDTREK SJ6;;;;;;;3;;E;F;75;3
4038526267610;561142;L512200;35;167,18;DUNLOP;POIDS LOURDS ETE;Ete;215/75 R 17,5   126/124M   DUNLOP   SP344 17.5-19.5;;215;;75;R;17,5;;126/124;M;;TL;;;;SP344 17.5-19.5;;;;;;;3;;D;C;73;2
4019238331554;03528880000;L525017;6;49,16;CONTINENTAL;PNEUS TOURISME ETE;Ete;155/60 R 15   74T   CONTINENTAL   ECO CONTACT 3 FR   ;;155;;60;R;15;;74;T;;TL;;;;ECO CONTACT 3;;;;;;FR;2;;E;B;70;2
4019238371000;04713610000;L525010;20;115,43;CONTINENTAL;PNEUS CAMIONNETTE ETE;Ete;225/65 R 16   112R   CONTINENTAL   VANCO CAMPER   ;;225;;65;R;16;;112;R;;TL;;;;VANCO CAMPER;;;;;;;2;;C;B;72;2
8808563283135;1009031;L525996;25;39,95;HANKOOK;PNEUS TOURISME ETE;Ete;165/65 R 13   77T   HANKOOK   K715 OPTIMO;;165;;65;R;13;;77;T;;TL;;;;K715 OPTIMO;;;;;;;2;;F;E;70;2
8808563283128;1009030;L525991;6;34,58;HANKOOK;PNEUS TOURISME ETE;Ete;155/65 R 13   73T   HANKOOK   K715 OPTIMO HU;;155;;65;R;13;;73;T;;;;;;K715 OPTIMO HU;;;;;;;3;;F;E;70;2
8808563283104;1009028;L525990;54;33,65;HANKOOK;PNEUS TOURISME ETE;Ete;145/80 R 13   75T   HANKOOK   K715 OPTIMO HU;;145;;80;R;13;;75;T;;;;;;K715 OPTIMO HU;;;;;;;2;;F;E;69;2
8808563256986;1006811;L525980;60;30,75;HANKOOK;PNEUS TOURISME ETE;Ete;135/70 R 13   68T   HANKOOK   K715 OPTIMO;;135;;70;R;13;;68;T;;TL;;;;K715 OPTIMO;;;;;;;2;;F;E;69;2
8808563224053;2001027;L525977;20;113,63;HANKOOK;PNEUS 4X4 ETE;Ete;265/75 R 16   123/120Q   HANKOOK   DYNAPRO MT RT03;;265;;75;R;16;;123/120;Q;;TL;;;;DYNAPRO MT RT03;;;;;;;5;;-;-;-;-
8808563258782;2001283;L525976;3;107,4;HANKOOK;PNEUS 4X4 ETE;Ete;245/75 R 16   120/116Q   HANKOOK   DYNAPRO MT RT03 KR;;245;;75;R;16;;120/116;Q;;TL;;;;DYNAPRO MT RT03 KR;;;;;;;2;;-;-;-;-
4981910838715;15940557;L512453;2;64,97;TOYO;PNEUS 4X4 HIVER;Hiver;215/65 R 16   98H   TOYO   OPEN COUNTRY W/T  ;;215;;65;R;16;;98;H;;TL;;;;OPEN COUNTRY W/T;;;;;;;3;;F;E;72;2
4981910837312;15570938;L512454;4;69,88;TOYO;PNEUS 4X4 HIVER;Hiver;215/70 R 16   100T   TOYO   OPEN COUNTRY W/T  ;;215;;70;R;16;;100;T;;TL;;;;OPEN COUNTRY W/T;;;;;;;2;;E;E;72;2
4981910831471;14190279;L512455;20;95,95;TOYO;PNEUS 4X4 HIVER;Hiver;225/75 R 16   104T   TOYO   OPEN COUNTRY W/T  ;;225;;75;R;16;;104;T;;TL;;;;OPEN COUNTRY W/T;;;;;;;5;;E;E;72;2
4981910875901;18570211;L512456;20;103,67;TOYO;PNEUS 4X4 HIVER;Hiver;235/50 R 18   101V   TOYO   OPEN COUNTRY W/T XL ;;235;;50;R;18;;101;V;;TL;XL;;;OPEN COUNTRY W/T;;;;;;;3;;E;E;72;2
4981910839453;16090670;L512458;41;72,5;TOYO;PNEUS 4X4 HIVER;Hiver;235/60 R 16   100H   TOYO   OPEN COUNTRY W/T  ;;235;;60;R;16;;100;H;;TL;;;;OPEN COUNTRY W/T;;;;;;;3;;E;E;72;2
4981910875895;17180231;L512461;8;76,91;TOYO;PNEUS 4X4 HIVER;Hiver;235/70 R 16   106H   TOYO   OPEN COUNTRY W/T  ;;235;;70;R;16;;106;H;;TL;;;;OPEN COUNTRY W/T;;;;;;;3;;E;E;72;2
4981910875857;15220392;L512462;2;78,74;TOYO;PNEUS 4X4 HIVER;Hiver;245/70 R 16   107H   TOYO   OPEN COUNTRY W/T  ;;245;;70;R;16;;107;H;;TL;;;;OPEN COUNTRY W/T;;;;;;;1;;E;E;72;2
4981910842781;16860166;L512464;3;100,71;TOYO;PNEUS 4X4 HIVER;Hiver;255/60 R 17   106H   TOYO   OPEN COUNTRY W/T  ;;255;;60;R;17;;106;H;;TL;;;;OPEN COUNTRY W/T;;;;;;;2;;E;E;72;2
4981910875864;15370688;L512465;19;83,67;TOYO;PNEUS 4X4 HIVER;Hiver;265/70 R 16   112H   TOYO   OPEN COUNTRY W/T  ;;265;;70;R;16;;112;H;;TL;;;;OPEN COUNTRY W/T;;;;;;;3;;E;E;72;2
4981910845539;18930129;L512466;2;120,84;TOYO;PNEUS 4X4 HIVER;Hiver;275/55 R 17   109H   TOYO   OPEN COUNTRY W/T  ;;275;;55;R;17;;109;H;;TL;;;;OPEN COUNTRY W/T;;;;;;;2;;E;E;72;2
4981910845249;18780127;L512467;3;159,16;TOYO;PNEUS 4X4 HIVER;Hiver;295/40 R 20   110V   TOYO   OPEN COUNTRY W/T XL ;;295;;40;R;20;;110;V;;TL;XL;;;OPEN COUNTRY W/T;;;;;;;1;;E;E;72;1
3286347859816;78598;L512828;13;39,39;BRIDGESTONE;PNEUS TOURISME ETE;Ete;155/65 R 13   73T   BRIDGESTONE   B250 ECOPIA   ;;155;;65;R;13;;73;T;;;;;;B250 ECOPIA;;;;;;;3;;F;E;70;2
3286347859915;78599;L512829;20;43,5;BRIDGESTONE;PNEUS TOURISME ETE;Ete;155/65 R 14   75T   BRIDGESTONE   B250 ECOPIA   ;;155;;65;R;14;;75;T;;;;;;B250 ECOPIA;;;;;;;3;;F;E;71;3
3286347860010;78600;L512831;2;42,94;BRIDGESTONE;PNEUS TOURISME ETE;Ete;165/65 R 13   77T   BRIDGESTONE   B250 ECOPIA   ;;165;;65;R;13;;77;T;;;;;;B250 ECOPIA;;;;;;;2;;F;E;70;2
3286347860119;78601;L512832;84;42,74;BRIDGESTONE;PNEUS TOURISME ETE;Ete;165/65 R 14   79T   BRIDGESTONE   B250    ;;165;;65;R;14;;79;T;;TL;;;;B250;;;;;;;2;;F;E;70;2
3286347860218;78602;L512835;18;57,55;BRIDGESTONE;PNEUS TOURISME ETE;Ete;175/65 R 13   80T   BRIDGESTONE   B250 ECOPIA   ;;175;;65;R;13;;80;T;;;;;;B250 ECOPIA;;;;;;;3;;F;E;70;2
3286347859618;78596;L512838;40;37,57;BRIDGESTONE;PNEUS TOURISME ETE;Ete;175/70 R 13   82T   BRIDGESTONE   B250 ECOPIA   ;;175;;70;R;13;;82;T;;TL;;;;B250 ECOPIA;;;;;;;3;;F;E;70;2
4019238312805;03547600000;L512851;20;106,39;CONTINENTAL;PNEUS 4X4 ETE;Ete;235/55 R 17   99H   CONTINENTAL   CROSS CONTACT UHP FR   ;;235;;55;R;17;;99;H;;TL;;;;CROSS CONTACT UHP;;;;;;FR;3;;F;A;72;3
4019238317473;03546000000;L512859;19;150,58;CONTINENTAL;PNEUS 4X4 ETE;Ete;255/50 R 19   103W   CONTINENTAL   CROSS CONTACT UHP FR ML M0   ;;255;;50;R;19;;103;W;;TL;;;;CROSS CONTACT UHP;;;;;;M0 FR ML;3;;E;C;73;3
4019238315707;03545750000;L512865;10;151,47;CONTINENTAL;PNEUS 4X4 ETE;Ete;265/50 R 19   110Y   CONTINENTAL   CROSS CONTACT UHP FR  XL ;;265;;50;R;19;;110;Y;;TL;XL;;;CROSS CONTACT UHP;;;;;;FR;3;;E;B;74;3
4019238310863;03546580000;L512867;10;155,71;CONTINENTAL;PNEUS 4X4 ETE;Ete;275/40 R 20   106Y   CONTINENTAL   4X4 SPORT CONTACT LR FR  XL;;275;;40;R;20;;106;Y;;TL;XL;;;4X4 SPORT CONTACT;;;;;;LR FR;2;;E;C;73;2
4019238315240;03545570000;L512872;6;139,48;CONTINENTAL;PNEUS 4X4 ETE;Ete;295/45 R 19   109Y   CONTINENTAL   CROSS CONTACT UHP FR MO   ;;295;;45;R;19;;109;Y;;TL;;;;CROSS CONTACT UHP;;;;;;FR M0;3;;F;A;75;3
4019238318388;04514000000;L512906;50;96,16;CONTINENTAL;PNEUS CAMIONNETTE ETE;Ete;215/70 R 15   109/107R   CONTINENTAL   VANCO CAMPER    ;;215;;70;R;15;;109/107;R;;TL;;;;VANCO CAMPER ;;;;;;;3;;E;B;72;2
4019238318395;04713170000;L512908;28;115,97;CONTINENTAL;PNEUS CAMIONNETTE ETE;Ete;215/75 R 16   116R   CONTINENTAL   VANCO CAMPER    ;;215;;75;R;16;;116;R;;TL;;;;VANCO CAMPER ;;;;;;;2;;C;B;72;2
4019238321302;04713590000;L512914;20;134,7;CONTINENTAL;PNEUS CAMIONNETTE ETE;Ete;225/75 R 16   116/114R   CONTINENTAL   VANCO CAMPER    ;;225;;75;R;16;;116/114;R;;TL;;;;VANCO CAMPER ;;;;;;;3;;C;B;72;2
4019238311655;03500900000;L512955;40;79,67;CONTINENTAL;PNEUS TOURISME ETE;Ete;195/55 R 16   87V   CONTINENTAL   PREMIUM CONTACT 2   ;;195;;55;R;16;;87;V;;TL;;;;PREMIUM CONTACT 2;;;;;;;2;;E;B;71;2
4019238321326;03501160000;L512962;20;72,55;CONTINENTAL;PNEUS TOURISME ETE;Ete;205/60 R 16   92H   CONTINENTAL   PREMIUM CONTACT 2   ;;205;;60;R;16;;92;H;;TL;;;;PREMIUM CONTACT 2;;;;;;;5;;E;B;71;2
4019238325126;03501310000;L512967;20;94,3;CONTINENTAL;PNEUS TOURISME ETE;Ete;215/55 R 16   97W   CONTINENTAL   PREMIUM CONTACT 2  XL ;;215;;55;R;16;;97;W;;TL;XL;;;PREMIUM CONTACT 2;;;;;;;3;;E;B;72;2
4019238307382;03501010000;L512968;19;128,46;CONTINENTAL;PNEUS TOURISME ETE;Ete;215/55 R 18   95H   CONTINENTAL   PREMIUM CONTACT 2   ;;215;;55;R;18;;95;H;;TL;;;;PREMIUM CONTACT 2;;;;;;;3;;E;C;71;2
4019238324303;03501240000;L512969;10;114,18;CONTINENTAL;PNEUS TOURISME ETE;Ete;215/60 R 16   99V   CONTINENTAL   PREMIUM CONTACT 2  XL ;;215;;60;R;16;;99;V;;TL;XL;;;PREMIUM CONTACT 2;;;;;;;3;;E;B;72;2
4019238307375;03501000000;L512971;2;93,15;CONTINENTAL;PNEUS TOURISME ETE;Ete;215/60 R 17   96H   CONTINENTAL   PREMIUM CONTACT 2   ;;215;;60;R;17;;96;H;;TL;;;;PREMIUM CONTACT 2;;;;;;;3;;E;C;71;2
4019238329216;03528010000;L512990;2;130,97;CONTINENTAL;PNEUS TOURISME ETE;Ete;245/35 R 19   93Y   CONTINENTAL   SPORT CONTACT 2 * FR XL ;;245;;35;R;19;;93;Y;;TL;XL;;;SPORT CONTACT 2;;;;;;* FR;3;;E;B;69;1
4019238323344;03501570000;L512996;20;128,15;CONTINENTAL;PNEUS TOURISME ETE;Ete;245/40 R 18   93Y   CONTINENTAL   SPORT CONTACT 3 SSR;;245;;40;R;18;;93;Y;;TL;;;;SPORT CONTACT 3;;SSR;;;;;3;;G;B;72;3
4019238336399;03501940000;L513009;20;131,83;CONTINENTAL;PNEUS TOURISME ETE;Ete;255/40 R 17   94Y   CONTINENTAL   SPORT CONTACT 3 FR   ;;255;;40;R;17;;94;Y;;TL;;;;SPORT CONTACT 3;;;;;;FR;3;;C;B;73;3
4019238311754;03524830000;L513010;26;129,47;CONTINENTAL;PNEUS TOURISME ETE;Ete;255/40 R 19   Z   CONTINENTAL   SPORT CONTACT 2 M0 FR XL ;;255;;40;R;19;;;Z;;TL;XL;;;SPORT CONTACT 2;;;;;;M0 FR;3;;G;B;73;2
4019238341713;03502320000;L513013;20;141,22;CONTINENTAL;PNEUS TOURISME ETE;Ete;265/35 R 18   Z   CONTINENTAL   SPORT CONTACT 3 FR MO  XL ;;232;;35;R;18;;;Z;;TL;XL;;;SPORT CONTACT 3;;;;;;FR M0;3;;F;B;74;3
4019238329223;03528020000;L513015;20;168,52;CONTINENTAL;PNEUS TOURISME ETE;Ete;275/30 R 19   96Y   CONTINENTAL   SPORT CONTACT 2 * FR XL ;;275;;30;R;19;;96;Y;;TL;XL;;;SPORT CONTACT 2;;;;;;* FR;3;;E;B;73;2
4019238311174;03526650000;L513019;2;198,26;CONTINENTAL;PNEUS TOURISME ETE;Ete;275/35 R 20   Z   CONTINENTAL   SPORT CONTACT 2 FR M0  XL ;;275;;35;R;20;;;Z;;TL;XL;;;SPORT CONTACT 2;;;;;;FR M0;2;;F;B;73;2
4038526273505;561590;L513150;21;121,22;DUNLOP;PNEUS 4X4 ETE;Ete;255/55 R 18   109H   DUNLOP   SP SPORT 01 * MFS XL ROF;;255;;55;R;18;;109;H;;TL;XL;;;SP SPORT 01;;ROF;;;;* MFS;2;;E;C;69;1
4038526249944;515208;L513209;19;81,18;DUNLOP;PNEUS TOURISME ETE;Ete;195/55 R 16   87T   DUNLOP   SP SPORT 01 MO   ;;195;;55;R;16;;87;T;;TL;;;;SP SPORT 01;;;;;;M0;3;;F;C;69;2
4038526264220;516603;L513215;50;78,1;DUNLOP;PNEUS TOURISME ETE;Ete;205/45 ZR 18   90W   DUNLOP   SPORT MAXX MFS  XL ;;205;;45;R;18;;90;W;;TL;XL;;;SPORT MAXX;;;;;;MFS;2;;;;0;0
4038526269003;517160;L513219;20;102,05;DUNLOP;PNEUS TOURISME ETE;Ete;205/60 R 16   92W   DUNLOP   SP SPORT 01    ;;205;;60;R;16;;92;W;;;;;;SP SPORT 01 ;;;;;;;5;;;;0;0
4038526257772;516056;L513228;20;89,35;DUNLOP;PNEUS TOURISME ETE;Ete;225/50 R 16   92V   DUNLOP   SP SPORT 01 M0 MFS;;225;;50;R;16;;92;V;;TL;;;;SP SPORT 01;;;;;;M0 MFS;5;;F;A;66;1
4038526260239;516243;L513229;9;90,19;DUNLOP;PNEUS TOURISME ETE;Ete;225/50 R 16   92W   DUNLOP   SP SPORT 01 M0 MFS;;225;;50;R;16;;92;W;;TL;;;;SP SPORT 01;;;;;;M0 MFS;3;;F;A;66;1
4038526258113;516080;L513237;26;171,21;DUNLOP;PNEUS TOURISME ETE;Ete;245/35 R 19   93Y   DUNLOP   SP SPORT 01 * XL ROF;;245;;35;R;19;;93;Y;;TL;XL;;;SP SPORT 01;;ROF;;;;*;2;;E;C;69;1
4038526260260;516246;L513242;20;96,07;DUNLOP;PNEUS TOURISME ETE;Ete;245/45 R 17   95W   DUNLOP   SP SPORT 01 M0 MFS;;245;;45;R;17;;95;W;;TL;;;;SP SPORT 01;;;;;;M0 MFS;5;;E;B;68;1
4038526260277;516247;L513249;4;120,72;DUNLOP;PNEUS TOURISME ETE;Ete;255/45 R 18   99Y   DUNLOP   SP SPORT 01 M0 MFS;;255;;45;R;18;;99;Y;;TL;;;;SP SPORT 01;;;;;;M0 MFS;3;;E;C;69;1
4038526270627;517421;L513250;20;170,41;DUNLOP;PNEUS TOURISME ETE;Ete;275/35 R 19   96Y   DUNLOP   SP SPORT 01 J MFS   ;;275;;35;R;19;;96;Y;;TL;;;;SP SPORT 01;;;;;;J;3;;F;A;69;1
4038526260284;516248;L513251;45;140,15;DUNLOP;PNEUS TOURISME ETE;Ete;275/40 R 19   101Y   DUNLOP   SP SPORT 01 M0;;275;;40;R;19;;101;Y;;TL;;;;SP SPORT 01;;;;;;M0;2;;F;B;69;1
4038526260246;516244;L513253;20;144,48;DUNLOP;PNEUS TOURISME ETE;Ete;275/45 R 18   103Y   DUNLOP   SP SPORT 01 M0 MFS;;275;;45;R;18;;103;Y;;TL;;;;SP SPORT 01;;;;;;M0 MFS;5;;E;B;69;1
5452000771810;561081;L513350;3;108,95;GOODYEAR;PNEUS 4X4 ETE;Ete;245/60 R 18   105H   GOOD YEAR   WRANGLER HP ALL WEATHER FP;;245;;60;R;18;;105;H;;TL;;;;WRANGLER HP ALL WEATHER;;;;;;FP;2;;F;C;70;2
5452000751829;559977;L513367;4;95,63;GOODYEAR;PNEUS CAMIONNETTE ETE;Ete;235/65 R 16   115/113R   GOOD YEAR   CARGO MARATHON;;235;;65;R;16;;115/113;R;;TL;;;;CARGO MARATHON;;;;;;;2;;C;C;72;2
5452000772374;516869;L513385;20;121,28;GOODYEAR;PNEUS TOURISME ETE;Ete;205/45 R 18   86Y   GOOD YEAR   EAGLE NCT5 * ROF;;205;;45;R;18;;86;Y;;TL;;;;EAGLE NCT5;;ROF;;;;*;4;;F;B;69;2
5452000782649;517504;L513398;18;77,17;GOODYEAR;PNEUS TOURISME ETE;Ete;215/45 R 17   87V   GOOD YEAR   EXCELLENCE M0 FP DC;;215;;45;R;17;;87;V;;TL;;;;EXCELLENCE;;;;;;M0 FP DC;2;;F;C;69;2
5452000772411;516873;L513404;21;104,19;GOODYEAR;PNEUS TOURISME ETE;Ete;225/40 R 18   88W   GOOD YEAR   EAGLE NCT5 ASYMMETRIC * ROF;;225;;40;R;18;;88;W;;TL;;;;EAGLE NCT5;;ROF;;;;* FP;2;;F;C;70;2
5452000772381;516870;L513406;18;104,18;GOODYEAR;PNEUS TOURISME ETE;Ete;225/40 R 18   88Y   GOOD YEAR   EAGLE NCT5 ASYMMETRIC FP ROF;;225;;40;R;18;;88;Y;;TL;;;;EAGLE NCT5;;ROF;;;;ASYMMETRIC FP;2;;E;B;70;2
8808563209487;1003726;L513441;6;118,51;HANKOOK;PNEUS 4X4 ETE;Ete;285/60 R 18   116V   HANKOOK   RH06 VENTUS ST ;;285;;60;R;18;;116;V;;TL;;;;RH06 VENTUS ST;;;;;;;3;;C;C;73;2
8808563220093;2000984;L513458;8;73,64;HANKOOK;PNEUS CAMIONNETTE ETE;Ete;205/60 R 16   100/98T   HANKOOK   RADIAL RA14;;205;;60;R;16;;100/98;T;;TL;;;;RADIAL RA14;;;;;;;2;;E;C;70;2
8808563240633;2001179;L513463;50;88,6;HANKOOK;PNEUS CAMIONNETTE ETE;Ete;225/60 R 16   105/103T   HANKOOK   RADIAL RA14;;225;;60;R;16;;105/103;T;;TL;;;;RADIAL RA14;;;;;;;3;;E;C;70;2
8808563253121;1006463;L513483;20;70,17;HANKOOK;PNEUS TOURISME ETE;Ete;205/40 ZR 17   84Y   HANKOOK   K107 VENTUS S1 EVO  XL ;;205;;40;ZR;17;;84;Y;;TL;XL;;;K107 VENTUS S1 EVO;;;;;;;3;;C;C;71;2
8808563253138;1006464;L513486;38;79,09;HANKOOK;PNEUS TOURISME ETE;Ete;215/40 ZR 17   87Y   HANKOOK   K107 VENTUS S1 EVO  XL ;;215;;40;ZR;17;;87;Y;;TL;XL;;;K107 VENTUS S1 EVO;;;;;;;3;;C;C;71;2
8808563253114;1006462;L513487;20;69,82;HANKOOK;PNEUS TOURISME ETE;Ete;215/45 ZR 17   91Y   HANKOOK   K107 VENTUS S1 EVO  XL ;;215;;45;ZR;17;;91;Y;;;XL;;;K107 VENTUS S1 EVO;;;;;;;3;;C;C;71;2
8808563266862;1007624;L513495;50;99,99;HANKOOK;PNEUS 4X4 ETE;Ete;255/60 R 18   108H   HANKOOK   K406 OPTIMO;;255;;60;R;18;;108;H;;TL;;;;K406 OPTIMO;;;;;;Ssangyong;2;;C;E;71;2
3528702854709;285470;L513524;6;109,85;MICHELIN;PNEUS 4X4 ETE;Ete;235/65 R 17   108V   MICHELIN   DIAMARIS N0 XL;;235;;65;R;17;;108;V;;TL;XL;;;DIAMARIS;;;;;;N0;2;;C;B;71;2
3528705137212;513721;L513555;13;112,52;MICHELIN;PNEUS CAMIONNETTE ETE;Ete;215/60 R 16   103/101T   MICHELIN   AGILIS 51;;215;;60;R;16;;103/101;T;;TL;;;;AGILIS 51;;;;;;;2;;C;A;72;2
3528708950443;895044;L513586;472;110,93;MICHELIN;PNEUS TOURISME ETE;Ete;215/50 R 17   95W   MICHELIN   PRIMACY HP XL;;215;;50;R;17;;95;W;;;XL;;;PRIMACY HP ;;;;;;;2;;E;B;70;2
3528705742904;574290;L513602;20;129,27;MICHELIN;PNEUS TOURISME ETE;Ete;235/45 R 18   98W   MICHELIN   PRIMACY HP XL ;;235;;45;R;18;;98;W;;;XL;;;PRIMACY HP ;;;;;;;3;;E;A;70;2
3528700915709;091570;L513608;4;185,48;MICHELIN;PNEUS TOURISME ETE;Ete;255/40 R 19   Z   MICHELIN   PILOT SPORT PS2 *;;255;;40;R;19;;;Z;;;;;;PILOT SPORT PS2 *;;;;;;;2;;E;B;70;2
3528707514721;751472;L513610;20;215,4;MICHELIN;PNEUS TOURISME ETE;Ete;275/45 R 20   110Y   MICHELIN   PILOT SPORT PS2 M0 XL;;275;;45;R;20;;110;Y;;TL;EL;;;PILOT SPORT PS2;;;;;;M0 FSL;5;;E;A;72;2
8019227161977;1619700;L513634;11;137,81;PIRELLI;PNEUS 4X4 ETE;Ete;255/50 ZR 19   107Y   PIRELLI   SCORPION ZERO ASIMMETRICO FSL XL ;;255;;50;ZR;19;;107;Y;;TL;XL;;;SCORPION ZERO ASIMMETRICO;;;;;;;3;;C;C;72;2
8019227165623;1656200;L513669;20;64,5;PIRELLI;PNEUS CAMIONNETTE ETE;Ete;175/75 R 16   101/99R   PIRELLI   CHRONO;;175;;75;R;16;;101/99;R;;;;;;CHRONO;;;;;;;5;;F;C;72;2
8019227181197;1811900;L513686;100;41,7;PIRELLI;PNEUS TOURISME ETE;Ete;175/65 R 14   82T   PIRELLI   P4 CINTURATO   ;;175;;65;R;14;;82;T;;;;;;P4 CINTURATO;;;;;;;3;;F;E;70;2
8019227145168;1451600;L513703;2;168,23;PIRELLI;PNEUS TOURISME ETE;Ete;225/50 R 18   95W   PIRELLI   P ZERO NERO (E)   ;;225;;50;R;18;;95;W;;;;;;P ZERO NERO (E);;;;;;;2;;;;0;0
8019227073218;0732100;3494;14;186,07;PIRELLI;PNEUS TOURISME ETE;Ete;255/40 ZR 19   96Y   PIRELLI   P ZERO ASIMMETRICO FSL;;255;;40;ZR;19;;96;Y;;TL;;;;P ZERO ASIMMETRICO;;;;;;FSL;3;;F;B;72;2
8019227156959;1569500;L513719;13;114,12;PIRELLI;PNEUS TOURISME ETE;Ete;255/45 R 18   99Y   PIRELLI   P ZERO ROSSO M0 FSL;;255;;45;R;18;;99;Y;;TL;;;;P ZERO ROSSO;;;;;;M0 FSL;3;;F;B;72;2
8019227152173;1521700;L513721;8;127,32;PIRELLI;PNEUS 4X4 ETE;Ete;255/50 R 19   103W   PIRELLI   P ZERO ROSSO M0 FSL;;255;;50;R;19;;103;W;;TL;;;;P ZERO ROSSO;;;;;;M0;2;;E;B;71;2
8019227157178;1571700;L513726;10;143,35;PIRELLI;PNEUS TOURISME ETE;Ete;275/45 R 18   103Y   PIRELLI   P ZERO ROSSO M0 FSL;;275;;45;R;18;;103;Y;;TL;;;;P ZERO ROSSO;;;;;;M0 FSL;2;;E;B;72;2
8019227157321;1573200;L513729;20;194,82;PIRELLI;PNEUS TOURISME ETE;Ete;285/35 ZR 19   (99Y)   PIRELLI   P ZERO ROSSO (F) FSL   ;;285;;35;ZR;19;;99;Y;;TL;;;;P ZERO ROSSO;;;;;;F FSL;3;;C;B;73;2
8019227160956;1609500;L513731;2;272,21;PIRELLI;PNEUS TOURISME COMPETITION;Ete;285/35 ZR 19      PIRELLI P ZERO CORSA ASIMMETRICO RIGHT *   ;;285;;35;ZR;19;;99;Z;;TL;;;;P ZERO CORSA ASIMMETRICO;;;;;;RIGHT *;2;;F;A;73;2
8019227160970;1609700;L513732;18;138,65;PIRELLI;PNEUS 4X4 ETE;Ete;285/45 R 19   107W   PIRELLI   P ZERO ROSSO (M0) FSL;;285;;45;R;19;;107;W;;TL;;;;P ZERO ROSSO;;;;;;M0;2;;C;B;73;2
4024068337607;03623590000;L513786;4;92,85;UNIROYAL;PNEUS 4X4 ETE;Ete;255/60 R 17   106V   UNIROYAL   RALLY 4X4 STREET   ;;255;;60;R;17;;106;V;;;;;;RALLY 4X4 STREET;;;;;;;2;;E;C;72;2
8808563259048;2001287;L525974;19;107,93;HANKOOK;PNEUS 4X4 ETE;Ete;LT 235/85 R 16   120/116Q   HANKOOK   DYNAPRO MT RT03;;235;;85;R;16;;120/116;Q;;TL;;;;DYNAPRO MT RT03;;;;;;;3;;-;-;-;-
8808563220000;2000978;L525973;10;94,48;HANKOOK;PNEUS 4X4 ETE;Ete;235/75 R 15   104/101Q   HANKOOK   DYNAPRO MT RT03;;235;;75;R;15;;104/101;Q;;TL;;;;DYNAPRO MT RT03;;;;;;;3;;-;-;-;-
8808563220475;1004489;L525971;24;87,2;HANKOOK;PNEUS 4X4 ETE;Ete;235/60 R 17   102H   HANKOOK   RA23 DYNAPRO HP Chevrolet;;235;;60;R;17;;102;H;;TL;;;;RA23 DYNAPRO HP;;;;;;Chevrolet;2;;C;C;71;2
8808563259024;2001285;L525970;8;103,82;HANKOOK;PNEUS 4X4 ETE;Ete;225/75 R 16   115Q   HANKOOK   DYNAPRO MT RT03;;225;;75;R;16;;115;Q;;TL;;;;DYNAPRO MT RT03;;;;;;;3;;-;-;-;-
8808563259031;2001286;L525969;12;94,59;HANKOOK;PNEUS 4X4 ETE;Ete;215/85 R 16   115Q   HANKOOK   DYNAPRO MT RT03;;215;;85;R;16;;115;Q;;;;;;DYNAPRO MT RT03;;;;;;;3;;-;-;-;-
5452000797612;518641;L525957;20;185,5;GOODYEAR;PNEUS TOURISME ETE;Ete;255/30 R 19   91Y   GOOD YEAR   EAGLE F1 ASYMMETRIC FP XL ROF;;255;;30;R;19;;91;Y;;TL;XL;;;EAGLE F1 ASYMMETRIC;;ROF;;;;FP;3;;E;C;71;2
5452000797438;518624;L525937;20;166,3;GOODYEAR;PNEUS TOURISME ETE;Ete;225/35 R 19   88Y   GOOD YEAR   EAGLE F1 ASYMMETRIC  FP XL ROF;;225;;35;R;19;;88;Y;;TL;XL;;;EAGLE F1 ASYMMETRIC;;ROF;;;;FP;3;;F;B;70;2
3286347835612;78356;L515843;3;141,2;BRIDGESTONE;PNEUS TOURISME ETE;Ete;245/45 R 18   96Y   BRIDGESTONE   POTENZA RE050 M0 EXTENDED;;245;;45;R;18;;96;Y;;TL;;;;POTENZA RE050;;EXT;;;;M0 WAR;2;;E;C;72;3
3286347923913;79239;L517492;50;90,88;BRIDGESTONE;PNEUS 4X4 ETE;Ete;225/65 R 17   101H   BRIDGESTONE   DUELER H/T 687;;225;;65;R;17;;101;H;;TL;;;;DUELER H/T 687;;;;;;;3;;C;E;71;2
3286347944611;79446;L517498;3;73,39;BRIDGESTONE;PNEUS CAMIONNETTE ETE;Ete;175/75 R 14   99/98T   BRIDGESTONE   DURAVIS R630;;175;;75;R;14;;99/98;T;;TL;;;;DURAVIS R630;;;;;;;5;;F;B;72;2
3286347926716;79267;L517502;22;70,32;BRIDGESTONE;PNEUS TOURISME ETE;Ete;225/45 R 17   90W   BRIDGESTONE   RE050;;225;;45;R;17;;90;W;;TL;;;;RE050;;;;;;;2;;E;C;71;2
3286347944710;79447;L517505;50;50,8;BRIDGESTONE;PNEUS TOURISME ETE;Ete;185/65 R 15   92T   BRIDGESTONE   DURAVIS R410 RF;;185;;65;R;15;;92;T;;TL;RF;;;DURAVIS R410;;;;;;;2;;E;E;70;2
3286347876318;78763;L517508;20;88,48;BRIDGESTONE;PNEUS TOURISME ETE;Ete;215/55 R 16   97V   BRIDGESTONE   TURANZA ER300 XL RFT;;215;;55;R;16;;97;V;;TL;XL;;;TURANZA ER300;;RFT;;;;WAR;3;;F;B;71;2
3286347897214;78972;L517509;29;102,16;BRIDGESTONE;PNEUS TOURISME ETE;Ete;225/50 R 16   92V   BRIDGESTONE   POTENZA RE050 I * RFT;;225;;50;R;16;;92;V;;TL;;;;POTENZA RE050 I;;RFT;;;;* WAR;2;;E;C;71;2
3286347857812;78578;L517510;20;107,83;BRIDGESTONE;PNEUS TOURISME ETE;Ete;225/60 R 16   102H   BRIDGESTONE   DURAVIS R410 XL;;225;;60;R;16;;102;H;;;XL;;;DURAVIS R410;;;;;;;3;;F;E;75;3
3286347901812;79018;L517512;2;134,02;BRIDGESTONE;PNEUS TOURISME ETE;Ete;235/45 R 18   98Y   BRIDGESTONE   RE050 ASYMMETRIC XL;;235;;45;R;18;;98;Y;;TL;XL;;;RE050 ASYMMETRIC;;;;;;;3;;E;C;72;2
3286347840012;78400;L517516;4;184,67;BRIDGESTONE;PNEUS TOURISME ETE;Ete;275/35 R 18   95Y   BRIDGESTONE   RE050 ASYMMETRIC * RFT;;275;;35;R;18;;95;Y;;TL;;;;RE050 ASYMMETRIC;;RFT;;;;* SERIE 5;2;;F;C;73;3
3286347883910;78839;L517518;7;141,86;BRIDGESTONE;PNEUS TOURISME ETE;Ete;275/45 R 18   103Y   BRIDGESTONE   RE050 M0;;275;;45;R;18;;103;Y;;TL;;;;RE050;;;;;;M0;2;;E;C;74;3
3286347884313;78843;L517520;20;186,04;BRIDGESTONE;PNEUS TOURISME ETE;Ete;285/35 R 18   97Y   BRIDGESTONE   RE050 ASYMMETRIC M0 EXTENDED;;285;;35;R;18;;97;Y;;TL;;;;RE050 ASYMMETRIC;;EXT;;;;M0 WAR;5;;E;C;73;2
3528707971395;797139;L517634;4;414,89;MICHELIN;POIDS LOURDS ETE;Ete;275/70 R 22,5   152/148J   MICHELIN   XTA2 ENERGY;;275;;70;R;22,5;;152/148;J;;;;;;XTA2 ENERGY;;;;;;;2;;C;B;69;1
3528707127259;712725;L517635;11;442;MICHELIN;POIDS LOURDS ETE;Ete;295/80 R 22,5   152M   MICHELIN   XDA2+ ENERGY;;295;;80;R;22,5;;152;M;;;;;;XDA2+ ENERGY;;;;;;;4;;D;C;73;1
8807622055102;10551NXK;L517841;50;61,54;NEXEN;PNEUS 4X4 ETE;Ete;205 R 16   110/108S   NEXEN   RADIAL A/T NEO;;205;;;R;16;;110/108;S;;TL;;;;RADIAL A/T NEO;;;;;;;3;;E;C;74;3
5420068630226;;S517949;37;33,25;WANLI;PNEUS TOURISME ETE;Ete;175/65 R 14   86T   WANLI   S-1015 XL;;175;;65;R;14;;86;T;;TL;;;;S-1015;;;;;;;3;;E;C;70;2
8807622055201;10552NX;L517863;3;61,49;NEXEN;PNEUS CAMIONNETTE ETE;Ete;225/70 R 15   112/110R   NEXEN   RADIAL A/T RV   ;;225;;70;R;15;;112/110;R;;TL;;;;RADIAL A/T RV;;;;;;;2;;F;B;73;3
4019238317657;03532870000;L520943;20;85,06;CONTINENTAL;PNEUS TOURISME HIVER;Hiver;175/65 R 15   84T   CONTINENTAL   WINTERCONTACT TS 810 S *  ;;175;;65;R;15;;84;T;;TL;;;;WINTERCONTACT TS 810 S;;;;;;*;5;;E;E;71;2
4981910829423;14040145;L518114;50;57,85;TOYO;PNEUS TOURISME ETE;Ete;155/80 R 15   82S   TOYO   310  ;;155;;80;R;15;;82;S;;TL;;;;310;;;;;;;2;;;;0;0
4981910800194;10200024;L518133;24;93,73;TOYO;PNEUS TOURISME ETE;Ete;245/35 R 16   86W   TOYO   PROXES T1R  ;;245;;35;R;16;;86;W;;TL;;;;PROXES T1R;;;;;;;2;;F;C;70;2
4981910401384;19590100;L518144;4;118,73;TOYO;PNEUS TOURISME COMPETITION;Ete;215/50 R 15   88W   TOYO   PROXES R888;;215;;50;R;15;;88;W;;TL;;;;PROXES R888;;;;;;;1;;F;C;69;2
4981910401315;19580105;L518145;4;129;TOYO;PNEUS TOURISME COMPETITION;Ete;215/50 R 16   90W   TOYO   PROXES R888;;215;;50;R;16;;90;W;;TL;;;;PROXES R888;;;;;;;3;;F;C;69;2
4981910860716;19200175;L518147;20;97,08;TOYO;PNEUS 4X4 HIVER;Hiver;235/65 R 17   108V   TOYO   OPEN COUNTRY W/T RF ;;235;;65;R;17;;108;V;;TL;RF;;;OPEN COUNTRY W/T;;;;;;;2;;E;E;72;2
5452000772565;516883;L520684;30;78,39;GOODYEAR;PNEUS TOURISME HIVER;Hiver;185/60 R 16   86H   GOOD YEAR   ULTRAGRIP GW3 * ROF;;185;;60;R;16;;86;H;;TL;;;;ULTRAGRIP GW3;;ROF;;;;*;2;;F;E;69;2
5452000201553;508780;6282;50;56,35;GOODYEAR;PNEUS TOURISME ETE;Ete;195/60 R 15   88V   GOOD YEAR   EAGLE NCT5 AL;;195;;60;R;15;;88;V;;TL;;;;EAGLE NCT5;;;;;;AL;3;;E;E;68;1
3286347942617;79426;L518296;35;100,78;BRIDGESTONE;PNEUS 4X4 ETE;Ete;205/80 R 16   110R   BRIDGESTONE   DUELER H/T 689;;205;;80;R;16;;110;R;;;;;;DUELER H/T 689;;;;;;;4;;E;C;72;2
3286347942518;79425;L518307;19;130,13;BRIDGESTONE;PNEUS 4X4 ETE;Ete;245/65 R 17   111S   BRIDGESTONE   DUELER H/T 840;;245;;65;R;17;;111;S;;;;;;DUELER H/T 840;;;;;;;3;;E;E;73;3
3286347936715;79367;L518311;6;97,71;BRIDGESTONE;PNEUS 4X4 ETE;Ete;255/60 R 17   106H   BRIDGESTONE   DUELER H/P SPORT   ;;255;;60;R;17;;106;H;;;;;;DUELER H/P SPORT;;;;;;;3;;E;C;72;2
3286347936814;79368;L518312;7;101,34;BRIDGESTONE;PNEUS 4X4 ETE;Ete;255/60 R 17   106V   BRIDGESTONE   DUELER H/P SPORT   ;;255;;60;R;17;;106;V;;;;;;DUELER H/P SPORT;;;;;;;3;;E;C;72;2
3286347936418;79364;L518314;17;85,93;BRIDGESTONE;PNEUS 4X4 ETE;Ete;255/65 R 16   109H   BRIDGESTONE   DUELER H/P SPORT   ;;255;;65;R;16;;109;H;;;;;;DUELER H/P SPORT;;;;;;;2;;E;C;72;2
3286347937415;79374;L518320;4;111,61;BRIDGESTONE;PNEUS 4X4 ETE;Ete;275/55 R 17   109V   BRIDGESTONE   DUELER H/P SPORT   ;;275;;55;R;17;;109;V;;TL;;;;DUELER H/P SPORT;;;;;;;2;;E;C;72;2
3286347912917;79129;L518321;12;166,13;BRIDGESTONE;PNEUS 4X4 ETE;Ete;285/45 R 19   107W   BRIDGESTONE   ER30 MERCEDES;;285;;45;R;19;;107;W;;;;;;ER30 MERCEDES;;;;;;;3;;E;C;74;2
3286347935114;79351;L518324;20;84,68;BRIDGESTONE;PNEUS CAMIONNETTE ETE;Ete;185 R 15   103/102R   BRIDGESTONE   DURAVIS R630;;185;;;R;15;;103/102;R;;TL;;;;R630;;;;;;;5;;F;C;71;2
3286347935213;79352;L518325;12;109,98;BRIDGESTONE;PNEUS CAMIONNETTE ETE;Ete;205/65 R 16   107T   BRIDGESTONE   R630;;205;;65;R;16;;107;T;;;;;;R630;;;;;;;3;;F;C;72;2
3286347890017;78900;L518339;2;168,91;BRIDGESTONE;PNEUS TOURISME ETE;Ete;245/40 ZR 19   94Y   BRIDGESTONE   RE050 ASYMMETRIC  RFT;;245;;40;ZR;19;;94;Y;;TL;;;;RE050 ASYMMETRIC ;;RFT;;;;WAR;3;;F;C;71;2
4038526269133;561253;L518371;2;84,83;DUNLOP;PNEUS 4X4 HIVER;Hiver;215/70 R 15   98Q   DUNLOP   GRANDTREK SJ6   ;;215;;70;R;15;;98;Q;;TL;;;;GRANDTREK SJ6;;;;;;;3;;E;F;74;3
4038526269164;561256;L518374;11;103,69;DUNLOP;PNEUS 4X4 HIVER;Hiver;225/70 R 16   102Q   DUNLOP   GRANDTREK SJ6   ;;225;;70;R;16;;102;Q;;TL;;;;GRANDTREK SJ6;;;;;;;3;;E;F;76;3
4038526268808;561191;L518378;42;132,91;DUNLOP;PNEUS 4X4 HIVER;Hiver;255/50 R 19   107V   DUNLOP   GRANDTREK WT M3 N0 MFS XL ;;255;;50;R;19;;107;V;;TL;XL;;;GRANDTREK WT M3;;;;;;N0 MFS;2;;E;E;70;1
4038526275004;561811;L518380;12;195,26;DUNLOP;PNEUS 4X4 HIVER;Hiver;265/55 R 19   109H   DUNLOP   GRANDTREK WT M3 M0;;265;;55;R;19;;109;H;;TL;;;;GRANDTREK WT M3;;;;;;M0;2;;E;C;73;2
4038526276483;562012;L518382;25;150,55;DUNLOP;PNEUS 4X4 ETE;Ete;275/40 R 20   106Y   DUNLOP   SP SPORT 01 XL ;;275;;40;R;20;;106;Y;;TL;XL;;;SP SPORT 01;;;;;;;2;;E;B;70;1
4038526275509;518011;L518388;19;59,9;DUNLOP;PNEUS TOURISME ETE;Ete;185/65 R 15   88T   DUNLOP   SP SPORT 01    ;;185;;65;R;15;;88;T;;TL;;;;SP SPORT 01 ;;;;;;;3;;F;C;67;1
4038526276728;518101;L518392;4;109,35;DUNLOP;PNEUS TOURISME ETE;Ete;215/40 R 18   89W   DUNLOP   SP SPORT 01 MFS XL ;;215;;40;R;18;;89;W;;TL;XL;;;SP SPORT 01;;;;;;MFS;2;;E;B;70;2
4038526269980;517328;L518396;20;116,02;DUNLOP;PNEUS TOURISME ETE;Ete;225/50 R 17   94W   DUNLOP   SP SPORT 01 * MFS ROF;;225;;50;R;17;;94;W;;TL;;;;SP SPORT 01;;ROF;;;;* MFS;3;;F;B;67;1
4038526270023;517332;L518401;20;139,15;DUNLOP;PNEUS TOURISME ETE;Ete;245/40 R 18   93Y   DUNLOP   SP SPORT 01 * MFS ROF;;245;;40;R;18;;93;Y;;TL;;;;SP SPORT 01;;ROF;;;;* MFS;3;;E;B;69;2
4038526270047;517334;L518403;19;131,21;DUNLOP;PNEUS TOURISME ETE;Ete;245/45 R 17   95W   DUNLOP   SP SPORT 01 ROF;;245;;45;R;17;;95;W;;TL;;;;SP SPORT 01;;ROF;;;;;3;;E;B;68;1
4038526276315;518061;L518404;20;192,45;DUNLOP;PNEUS TOURISME ETE;Ete;275/35 R 19   96Y   DUNLOP   SP SPORT 01 J MFS SST   ;;275;;35;R;19;;96;Y;;;;;;SP SPORT 01 J MFS SST;;;;;;;5;;;;0;0
3286347934612;79346;L518414;2;54,42;FIRESTONE;PNEUS TOURISME ETE;Ete;195/65 R 14   89H   FIRESTONE   FIREHAWK TZ200;;195;;65;R;14;;89;H;;TL;;;;TZ200;;;;;;;3;;F;C;69;2
5452000789556;561900;L518445;2;117,94;GOODYEAR;PNEUS 4X4 HIVER;Hiver;235/55 R 17   103V   GOOD YEAR   ULTRA GRIP FP XL;;235;;55;R;17;;103;V;;TL;XL;;;ULTRA GRIP;;;;;;FP;2;;F;E;68;1
5452000789600;517980;L518447;20;167,88;GOODYEAR;PNEUS 4X4 ETE;Ete;265/50 R 20   106V   GOOD YEAR   EAGLE RS-A ECE;;265;;50;R;20;;106;V;;TL;;;;EAGLE RS-A;;;;;;;3;;E;C;73;3
5452000771278;516814;L518453;20;103,78;GOODYEAR;PNEUS TOURISME ETE;Ete;195/55 R 16   87H   GOOD YEAR   EAGLE NCT5 A * FP ROF;;195;;55;R;16;;87;H;;TL;;;;EAGLE NCT5 A;;ROF;;;;* FP;5;;E;C;70;2
5452000753410;515359;L518466;36;120,14;GOODYEAR;PNEUS TOURISME ETE;Ete;245/40 R 18   93Y   GOOD YEAR   EAGLE F1 GSD3 M0E FP DC EMT;;245;;40;R;18;;93;Y;;TL;;;;EAGLE F1 GSD3;;EMT;;;;M0E FP DC;3;;F;B;67;1
5452000771254;516812;L518467;42;115,73;GOODYEAR;PNEUS TOURISME ETE;Ete;245/40 R 18   93Y   GOOD YEAR   NCT5 ASYMMETRIC * ROF;;245;;40;R;18;;93;Y;;TL;;;;EAGLE NCT5 ;;ROF;;;;ASYMMETRIC *;2;;F;C;70;2
5452000753403;515358;L518471;17;187,59;GOODYEAR;PNEUS TOURISME ETE;Ete;275/35 R 18   95Y   GOOD YEAR   EAGLE F1 GSD3 MOE DC EMT;;275;;35;R;18;;95;Y;;TL;;;;EAGLE F1 GSD3;;EMT;;;;M0E DC;2;;F;B;68;1
5452000786630;517777;L518502;50;52,44;GOODYEAR;PNEUS TOURISME 4 SAISONS;Quatre saisons;195/50 R 15   82T   GOOD YEAR   VECTOR 5+;;195;;50;R;15;;82;T;;TL;;;;VECTOR 5+;;;;;;;2;;E;C;71;2
5452000786661;517780;L518511;36;55,16;GOODYEAR;PNEUS TOURISME 4 SAISONS;Quatre saisons;195/65 R 15   95T   GOOD YEAR   VECTOR 5+ XL;;195;;65;R;15;;95;T;;TL;XL;;;VECTOR 5+;;;;;;VW;2;;E;E;70;2
5452000786951;517801;L518520;20;95,34;GOODYEAR;PNEUS TOURISME 4 SAISONS;Quatre saisons;215/55 R 16   93V   GOOD YEAR   EAGLE VECTOR EV-2 +;;215;;55;R;16;;93;V;;TL;;;;EAGLE VECTOR EV-2 +;;;;;;FORD;3;;E;E;67;1
5452000798954;518891;L518521;7;105,24;GOODYEAR;PNEUS TOURISME 4 SAISONS;Quatre saisons;215/60 R 16   99H   GOOD YEAR   EAGLE VECTOR EV-2 + FO XL;;215;;60;R;16;;99;H;;TL;XL;;;EAGLE VECTOR EV-2 +;;;;;;FO;3;;E;E;67;1
3528702707234;270723;L518535;6;38,34;KORMORAN;PNEUS TOURISME ETE;Ete;185/60 R 14   82H   KORMORAN   RUNPRO B;;185;;60;R;14;;82;H;;;;;;RUNPRO B;;;;;;;3;;F;C;70;2
3528702873113;287311;L518536;6;41,36;KORMORAN;PNEUS TOURISME ETE;Ete;185/65 R 14   86H   KORMORAN   RUNPRO B;;185;;65;R;14;;86;H;;;;;;RUNPRO B;;;;;;;3;;F;C;70;2
3528700198812;019881;L518537;50;38,36;KORMORAN;PNEUS TOURISME ETE;Ete;195/60 R 15   88H   KORMORAN   RUNPRO B;;195;;60;R;15;;88;H;;;;;;RUNPRO B;;;;;;;3;;F;C;70;2
3528701286419;128641;L518555;212;45,13;MICHELIN;PNEUS TOURISME ETE;Ete;155/80 R 13   79T   MICHELIN   E3B 1;;155;;80;R;13;;79;T;;TL;;;;E3B 1;;;;;;;2;;E;B;69;2
3528702157701;215770;L518558;38;45,14;MICHELIN;PNEUS TOURISME ETE;Ete;165/65 R 13   77T   MICHELIN   E3B 1;;165;;65;R;13;;77;T;;TL;;;;E3B 1;;;;;;;3;;E;B;69;2
3528706118364;611836;L518563;67;47,72;MICHELIN;PNEUS TOURISME ETE;Ete;165/70 R 13   79T   MICHELIN   E3B 1;;165;;70;R;13;;79;T;;TL;;;;E3B 1;;;;;;;2;;E;B;69;2
3528706066597;606659;L518633;100;129,85;MICHELIN;PNEUS TOURISME ETE;Ete;245/45 R 18   100W   MICHELIN   PRIMACY HP   XL ;;245;;45;R;18;;100;W;;TL;XL;;;PRIMACY HP ;;;;;;;3;;E;B;70;2
4019238311815;03545200000;L519892;20;88,35;CONTINENTAL;PNEUS 4X4 ETE;Ete;215/75 R 16   107H   CONTINENTAL   4X4 CONTACT  XL ;;215;;75;R;16;;107;H;;TL;XL;;;4X4 CONTACT;;;;;;;3;;E;C;73;3
4019238346473;03546720000;L519893;2;153,83;CONTINENTAL;PNEUS 4X4 ETE;Ete;235/45 R 19   95W   CONTINENTAL   CROSS CONTACT UHP FR   ;;235;;45;R;19;;95;W;;TL;;;;CROSS CONTACT UHP;;;;;;FR;2;;E;B;72;3
4019238327946;03545030000;L519898;20;99,68;CONTINENTAL;PNEUS 4X4 ETE;Ete;235/65 R 17   108V   CONTINENTAL   CROSS CONTACT UHP N0  XL ;;235;;65;R;17;;108;V;;TL;XL;;;CROSS CONTACT UHP;;;;;;N0;3;;G;B;73;3
4019238317770;03546680000;L519902;9;156,73;CONTINENTAL;PNEUS 4X4 ETE;Ete;255/50 R 19   107H   CONTINENTAL   4X4 CONTACT * XL SSR;;255;;50;R;19;;107;H;;TL;XL;;;4X4 CONTACT;;SSR;;;;*;2;;E;C;74;3
4019238307658;03546560000;L519903;20;153,65;CONTINENTAL;PNEUS 4X4 ETE;Ete;255/50 R 19   107V   CONTINENTAL   CROSS CONTACT UHP * XL SSR;;255;;50;R;19;;107;V;;TL;XL;;;CROSS CONTACT UHP;;SSR;;;;*;3;;E;C;74;3
4019238307603;03546520000;L519904;27;166,65;CONTINENTAL;PNEUS 4X4 ETE;Ete;255/50 R 19   107W   CONTINENTAL   CROSS CONTACT UHP * XL SSR;;255;;50;R;19;;107;W;;TL;XL;;;CROSS CONTACT UHP;;SSR;;;;*;3;;E;C;74;3
4019238310900;03546590000;L519907;12;167,35;CONTINENTAL;PNEUS 4X4 ETE;Ete;255/55 R 18   109Y   CONTINENTAL   CROSS CONTACT UHP FR N1  XL ;;255;;55;R;18;;109;Y;;TL;XL;;;CROSS CONTACT UHP FR N1;;;;;;;3;;G;B;74;3
4019238320558;15482800000;L519909;20;128,05;CONTINENTAL;PNEUS 4X4 ETE;Ete;265/60 R 18   110H   CONTINENTAL   4X4 CONTACT FR ML M0;;265;;60;R;18;;110;H;;TL;;;;4X4 CONTACT;;;;;;FR ML M0;3;;E;C;73;3
4019238320541;15482700000;L519910;20;129,63;CONTINENTAL;PNEUS 4X4 ETE;Ete;265/60 R 18   110V   CONTINENTAL   4X4 CONTACT FR ML M0;;265;;60;R;18;;110;V;;TL;;;;4X4 CONTACT;;;;;;FR M0 ML;3;;E;C;73;3
4019238348279;03545830000;L519913;21;200,4;CONTINENTAL;PNEUS 4X4 ETE;Ete;275/50 R 20   109W   CONTINENTAL   CROSS CONTACT UHP M0 FR;;275;;50;R;20;;109;W;;TL;;;;CROSS CONTACT UHP;;;;;;M0 FR;3;;E;B;73;3
4019238315257;03545580000;L519915;6;158,45;CONTINENTAL;PNEUS 4X4 ETE;Ete;295/40 R 20   106Y   CONTINENTAL   CROSS CONTACT UHP FR MO   ;;295;;40;R;20;;106;Y;;TL;;;;CROSS CONTACT UHP;;;;;;FR M0;3;;F;B;75;3
4019238341027;03502290000;L519923;2;112,53;CONTINENTAL;PNEUS TOURISME ETE;Ete;195/55 R 16   91H   CONTINENTAL   PREMIUM CONTACT 2  XL SSR;;195;;55;R;16;;91;H;;TL;XL;;;PREMIUM CONTACT 2;;SSR;;;;;2;;F;B;72;2
4019238321609;03501170000;L519924;14;89,07;CONTINENTAL;PNEUS TOURISME ETE;Ete;195/55 R 16   87H   CONTINENTAL   PREMIUM CONTACT 2   ;;195;;55;R;16;;87;H;;;;;;PREMIUM CONTACT 2;;;;;;;3;;F;B;71;2
4019238316674;03501040000;L519926;20;83,48;CONTINENTAL;PNEUS TOURISME ETE;Ete;195/55 R 16   87V   CONTINENTAL   PREMIUM CONTACT 2 *  SSR;;195;;55;R;16;;87;V;;TL;;;;PREMIUM CONTACT 2;;SSR;;;;*;3;;F;B;71;2
4019238320183;03501120000;L519927;13;90,94;CONTINENTAL;PNEUS TOURISME ETE;Ete;195/60 R 16   89V   CONTINENTAL   PREMIUM CONTACT 2 M0 ML ;;195;;60;R;16;;89;V;;TL;;;;PREMIUM CONTACT 2;;;;;;M0 ML;2;;F;B;71;2
4019238341768;03502350000;L519928;2;108,33;CONTINENTAL;PNEUS TOURISME ETE;Ete;205/45 R 17   84V   CONTINENTAL   SPORT CONTACT 3 * SSR;;205;;45;R;17;;84;V;;TL;;;;SPORT CONTACT 3;;SSR;;;;*;4;;F;B;72;3
4019238353785;03502780000;L519929;20;110,39;CONTINENTAL;PNEUS TOURISME ETE;Ete;205/45 R 17   84W   CONTINENTAL   SPORT CONTACT 3 * SSR;;205;;45;R;17;;84;W;;TL;;;;SPORT CONTACT 3;;SSR;;;;*;3;;F;B;72;3
4019238339826;03502240000;L519930;23;59,59;CONTINENTAL;PNEUS TOURISME ETE;Ete;205/55 R 16   91H   CONTINENTAL   PREMIUM CONTACT 2 M0 ML ;;205;;55;R;16;;91;H;;TL;;;;PREMIUM CONTACT 2;;;;;;M0 ML;3;;F;B;71;2
4019238350180;03502610000;L519936;20;83,16;CONTINENTAL;PNEUS TOURISME ETE;Ete;205/60 R 16   92V   CONTINENTAL   PREMIUM CONTACT 2 M0 ML;;205;;60;R;16;;92;V;;TL;;;;PREMIUM CONTACT 2;;;;;;M0 ML;2;;C;B;71;2
4019238339840;03502260000;L519945;20;91,98;CONTINENTAL;PNEUS TOURISME ETE;Ete;225/50 R 16   92V   CONTINENTAL   PREMIUM CONTACT 2 ML M0;;225;;50;R;16;;92;V;;TL;;;;PREMIUM CONTACT 2;;;;;;M0 ML;3;;F;B;71;2
4019238339833;03502250000;L519946;18;97,78;CONTINENTAL;PNEUS TOURISME ETE;Ete;225/50 R 16   92W   CONTINENTAL   PREMIUM CONTACT 2 ML MO;;225;;50;R;16;;92;W;;TL;FR;;;PREMIUM CONTACT 2;;;;;;M0 ML;3;;F;B;71;2
4019238323542;03528220000;L519949;16;115,86;CONTINENTAL;PNEUS TOURISME ETE;Ete;225/50 R 17   98W   CONTINENTAL   SPORT CONTACT 2 FR XL SSR;;225;;50;R;17;;98;W;;TL;XL;;;SPORT CONTACT 2;;SSR;;;;FR;3;;F;B;72;2
4019238238280;03518350000;L519954;6;98,8;CONTINENTAL;PNEUS TOURISME ETE;Ete;225/55 R 16   95W   CONTINENTAL   PREMIUM CONTACT 2 *   ;;225;;55;R;16;;95;W;;TL;;;;PREMIUM CONTACT 2;;;;;;*;2;;E;C;71;2
4019238350227;03502650000;L519956;50;93,98;CONTINENTAL;PNEUS TOURISME ETE;Ete;225/55 R 16   95W   CONTINENTAL   PREMIUM CONTACT 2 M0 ML;;225;;55;R;16;;95;W;;TL;;;;PREMIUM CONTACT 2;;;;;;M0 ML;2;;B;B;71;2
4019238351897;03502570000;L519964;19;170,23;CONTINENTAL;PNEUS TOURISME ETE;Ete;255/40 R 18   99Y   CONTINENTAL   SPORT CONTACT 3 FR MO  XL ;;255;;40;R;18;;99;Y;;TL;XL;;;SPORT CONTACT 3;;;;;;FR M0;3;;F;B;74;3
4019238315660;03526240000;L519966;20;202,76;CONTINENTAL;PNEUS TOURISME ETE;Ete;265/40 R 21   105Y   CONTINENTAL   SPORT CONTACT 2 M0 FR XL ;;265;;40;R;21;;105;Y;;TL;XL;;;SPORT CONTACT 2;;;;;;M0 FR;3;;E;B;73;2
4019238315653;03526230000;L519967;4;186,55;CONTINENTAL;PNEUS 4X4 ETE;Ete;265/45 ZR 20   104Y   CONTINENTAL   SPORT CONTACT 2 M0 FR ;;265;;45;ZR;20;;104;Y;;TL;;;;SPORT CONTACT 2;;;;;;M0 FR;2;;E;B;72;2
4019238351903;03502580000;L519970;20;157,85;CONTINENTAL;PNEUS TOURISME ETE;Ete;285/35 R 18   101Y   CONTINENTAL   SPORT CONTACT 3 MO FR XL ;;285;;35;R;18;;101;Y;;TL;XL;;;SPORT CONTACT 3;;;;;;M0 FR;3;;F;B;76;3
4024068337591;03623580000;L520052;4;62,41;UNIROYAL;PNEUS 4X4 ETE;Ete;195/80 R 15   96H   UNIROYAL   RALLY 4X4 STREET   ;;195;;80;R;15;;96;H;;;;;;RALLY 4X4 STREET;;;;;;;2;;E;C;71;2
4024068350866;04719650000;L520053;20;98,37;UNIROYAL;PNEUS CAMIONNETTE ETE;Ete;225/75 R 16   121/120R   UNIROYAL   RAIN MAX;;225;;75;R;16;;121/120;R;;TL;;;;RAIN MAX;;;;;;;5;;C;C;72;2
3286347916717;79167;L520070;4;76,52;BRIDGESTONE;PNEUS TOURISME ETE;Ete;205/45 R 16   87W   BRIDGESTONE   TURANZA ER300 XL;;205;;45;R;16;;87;W;;TL;XL;;;TURANZA ER300;;;;;;;2;;F;C;72;2
5452000772589;516885;L520705;14;118,76;GOODYEAR;PNEUS TOURISME HIVER;Hiver;225/50 R 16   92H   GOOD YEAR   ULTRAGRIP GW3 * ROF;;225;;50;R;16;;92;H;;TL;;;;ULTRAGRIP GW3;;ROF;;;;*;2;;G;E;68;1
4981910843368;17310143;L520328;3;103,84;TOYO;PNEUS 4X4 HIVER;Hiver;255/55 R 18   109H   TOYO   OPEN COUNTRY W/T XL;;255;;55;R;18;;109;H;;TL;XL;;;OPEN COUNTRY W/T;;;;;;;1;;E;E;72;2
5452000772558;516882;L520708;20;112,44;GOODYEAR;PNEUS TOURISME HIVER;Hiver;225/50 R 17   94H   GOOD YEAR   ULTRAGRIP GW3 * FP ROF;;225;;50;R;17;;94;H;;TL;;;;ULTRAGRIP GW3;;ROF;;;;* FP;3;;F;E;67;1
5452000772596;516886;L520723;20;176,69;GOODYEAR;PNEUS TOURISME HIVER;Hiver;245/45 R 17   99V   GOOD YEAR   ULTRAGRIP GW3 * FP XL ROF;;245;;45;R;17;;99;V;;TL;XL;;;ULTRAGRIP GW3;;ROF;;;;* FP;2;;E;F;69;1
3528708900806;890080;L520732;2;37,4;BF GOODRICH;PNEUS TOURISME HIVER;Hiver;175/70 R 13   82T   BF GOODRICH   WINTER G;;175;;70;R;13;;82;T;;;;;;WINTER G;;;;;;;3;;E;E;71;2
8808563259642;1007043;L520756;20;185,1;HANKOOK;PNEUS TOURISME HIVER;Hiver;295/30 R 22   103W   HANKOOK   W300A ICEBEAR XL;;295;;30;R;22;;103;W;;TL;XL;;;W300A ICEBEAR;;;;;;;5;;E;C;74;2
3528702259696;225969;L520758;20;42,34;KLEBER;PNEUS TOURISME HIVER;Hiver;165/70 R 13   79T   KLEBER   KRISALP HP;;165;;70;R;13;;79;T;;;;;;KRISALP HP;;;;;;;5;;E;E;74;3
3528708719651;871965;L520761;50;112,63;MICHELIN;PNEUS CAMIONNETTE HIVER;Hiver;215/60 R 16   103/101T   MICHELIN   AGILIS 51 SNOW ICE;;215;;60;R;16;;103/101;T;;TL;;;;AGILIS 51 SNOW ICE;;;;;;;2;;E;A;71;2
3528706726682;672668;L520764;50;46,43;MICHELIN;PNEUS TOURISME HIVER;Hiver;155/65 R 14   75T   MICHELIN   ALPIN A3;;155;;65;R;14;;75;T;;TL;;;;ALPIN A3;;;;;;;2;;F;C;71;2
3528706246746;624674;L520765;50;54,23;MICHELIN;PNEUS TOURISME HIVER;Hiver;165/65 R 14   79T   MICHELIN   ALPIN A3;;165;;65;R;14;;79;T;;TL;;;;ALPIN A3;;;;;;;2;;E;C;71;2
3528701390598;139059;L520766;20;103,53;MICHELIN;PNEUS TOURISME HIVER;Hiver;165/70 R 13   79T   MICHELIN   ALPIN A3;;165;;70;R;13;;79;T;;;;;;ALPIN A3;;;;;;;5;;E;C;71;2
3528702960332;296033;L520769;19;49,96;MICHELIN;PNEUS TOURISME HIVER;Hiver;175/70 R 13   82T   MICHELIN   ALPIN A3;;175;;70;R;13;;82;T;;;;;;ALPIN A3;;;;;;;3;;E;C;71;2
3528707736505;773650;L520770;20;79,35;MICHELIN;PNEUS TOURISME HIVER;Hiver;175/70 R 14   84T   MICHELIN   ALPIN A3;;175;;70;R;14;;84;T;;TL;;;;ALPIN A3;;;;;;;5;;E;C;71;2
3528701686745;168674;L520774;50;57,15;MICHELIN;PNEUS TOURISME HIVER;Hiver;185/65 R 14   86T   MICHELIN   ALPIN A3;;185;;65;R;14;;86;T;;TL;;;;ALPIN A3;;;;;;;2;;E;C;71;2
3528708696143;869614;L520798;21;101,63;MICHELIN;PNEUS 4X4 HIVER;Hiver;225/70 R 16   103T   MICHELIN   LATITUDE ALPIN    ;;225;;70;R;16;;103;T;;TL;;;;LATITUDE ALPIN ;;;;;;;4;;E;C;72;2
3528706769238;676923;L520799;20;97,09;MICHELIN;PNEUS 4X4 HIVER;Hiver;235/60 R 16   100T   MICHELIN   LATITUDE ALPIN    ;;235;;60;R;16;;100;T;;TL;;;;LATITUDE ALPIN ;;;;;;;5;;E;C;72;2
3528702073117;207311;L520800;14;105,58;MICHELIN;PNEUS 4X4 HIVER;Hiver;235/70 R 16   106T   MICHELIN   LATITUDE ALPIN    ;;235;;70;R;16;;106;T;;TL;;;;LATITUDE ALPIN ;;;;;;;2;;E;C;72;2
3528708502093;850209;L520801;4;104,27;MICHELIN;PNEUS 4X4 HIVER;Hiver;245/70 R 16   107T   MICHELIN   LATITUDE ALPIN    ;;245;;70;R;16;;107;T;;TL;;;;LATITUDE ALPIN ;;;;;;;2;;C;C;72;2
3528708972667;897266;L520804;42;112,14;MICHELIN;PNEUS 4X4 HIVER;Hiver;265/70 R 16   112T   MICHELIN   LATITUDE ALPIN    ;;265;;70;R;16;;112;T;;TL;;;;LATITUDE ALPIN ;;;;;;;2;;C;C;72;2
4019238314540;03532430000;L520948;4;119,75;CONTINENTAL;PNEUS TOURISME HIVER;Hiver;195/60 R 14   86T   CONTINENTAL   TS 800  ;;195;;60;R;14;;86;T;;;;;;TS 800;;;;;;;3;;E;C;72;2
5452000787071;517866;L525918;20;45,37;GOODYEAR;PNEUS TOURISME ETE;Ete;175/70 R 13   82T   GOOD YEAR   DURAGRIP;;175;;70;R;13;;82;T;;;;;;DURAGRIP;;;;;;;5;;G;E;67;1
3528705280079;528007;L520971;4;485,08;MICHELIN;POIDS LOURDS 4 SAISONS;Quatre saisons;295/80 R 22,5   152/148M   MICHELIN   X COACH XD;;295;;80;R;22,5;;152/148;M;;;;;;X COACH XD;;;;;;;2;;E;C;72;1
5452000792440;518095;L525907;50;40,15;GOODYEAR;PNEUS TOURISME ETE;Ete;155/70 R 13   75T   GOOD YEAR   DURAGRIP;;155;;70;R;13;;75;T;;TL;;;;DURAGRIP;;;;;;;3;;E;C;67;1
4981910861232;18170329;L521102;34;76,73;TOYO;PNEUS 4X4 HIVER;Hiver;215/60 R 17   96V   TOYO   OPEN COUNTRY W/T  ;;215;;60;R;17;;96;V;;TL;;;;OPEN COUNTRY W/T;;;;;;;3;;E;E;72;2
4981910858546;17310178;L521103;23;93,83;TOYO;PNEUS 4X4 HIVER;Hiver;255/55 R 18   109V   TOYO   OPEN COUNTRY W/T XL ;;255;;55;R;18;;109;V;;TL;XL;;;OPEN COUNTRY W/T;;;;;;;3;;E;E;72;2
4038526285195;518948;L524510;20;75,71;DUNLOP;PNEUS TOURISME ETE;Ete;235/45 R 17   94V   DUNLOP   SP SPORT 01;;235;;45;R;17;;94;V;;TL;;;;SP SPORT 01;;;;;;;5;;E;B;67;1
4038526285409;518949;L524509;50;93,23;DUNLOP;PNEUS TOURISME ETE;Ete;215/50 R 17   95V   DUNLOP   SP SPORT 01 XL ;;215;;50;R;17;;95;V;;TL;XL;;;SP SPORT 01;;;;;;;3;;E;B;66;1
4038526281715;518511;L524507;17;106,59;DUNLOP;PNEUS TOURISME ETE;Ete;205/45 R 17   84W   DUNLOP   SP SPORT 01 * MFS ROF;;205;;45;R;17;;84;W;;TL;;;;SP SPORT 01;;ROF;;;;* MFS;2;;F;B;67;1
4038526284310;518824;L524505;16;86,69;DUNLOP;PNEUS TOURISME ETE;Ete;195/55 R 16   87V   DUNLOP   SP SPORT 01 * MFS ROF;;195;;55;R;16;;87;V;;TL;;;;SP SPORT 01;;ROF;;;;* MFS;2;;F;B;67;1
4038526284303;518823;L524504;42;82,74;DUNLOP;PNEUS TOURISME ETE;Ete;195/55 R 16   87H   DUNLOP   SP SPORT 01 * MFS ROF;;195;;55;R;16;;87;H;;TL;;;;SP SPORT 01;;ROF;;;;* MFS;2;;F;B;67;1
8019227161182;1611800;L525621;14;340,21;PIRELLI;PNEUS TOURISME COMPETITION;Ete;335/30 ZR 18   (102Y)   PIRELLI   P ZERO CORSA RIGHT   ;;335;;30;ZR;18;;102;Y;;TL;;;;P ZERO CORSA;;;;;;RIGHT;3;;F;A;74;2
8019227163537;1635300;L525610;11;166,52;PIRELLI;PNEUS TOURISME COMPETITION;Ete;245/35 ZR 18   (92Y)   PIRELLI   P ZERO CORSA DIREZIONALE  XL ;;245;;35;ZR;18;;92;Y;;TL;XL;;;P ZERO CORSA DIREZIONALE;;;;;;;2;;F;A;72;2
8019227168099;1680900;L525585;4;281,71;PIRELLI;PNEUS 4X4 ETE;Ete;245/45 R 20   99W   PIRELLI   SCORPION ZERO ASIMMETRICO    R-F;;245;;45;R;20;;99;W;;TL;;;;SCORPION ZERO ASIMMETRICO ;;RF;;;;;3;;E;C;72;2
5452000794550;562203;L525894;20;110,67;GOODYEAR;PNEUS 4X4 ETE;Ete;235/60 R 18   103V   GOODYEAR   WRANGLER HP ALL WEATHER LR;;235;;60;R;18;;103;V;;TL;;;;WRANGLER HP ALL WEATHER;;;;;;LR;5;;E;C;69;2
4038526269195;561259;L521252;20;140,22;DUNLOP;PNEUS 4X4 HIVER;Hiver;235/65 R 17   104Q   DUNLOP   GRANDTREK SJ6   ;;235;;65;R;17;;104;Q;;TL;;;;GRANDTREK SJ6;;;;;;;5;;E;F;75;3
